train_loss: 0.5574338021066024
train_accuracy: 0.7240374873353597
train_precision: 0.7424729611224788
train_recall: 0.6618030224075039
train_f1: 0.6998209119713459
val_loss: 0.5565737005203001
val_accuracy: 0.7152988855116514
val_precision: 0.7226277372262774
val_recall: 0.6400862068965517
val_f1: 0.6788571428571428
test_loss: 0.5565447220879216
test_accuracy: 0.7226720647773279
test_precision: 0.6992481203007519
test_recall: 0.6443418013856813
test_f1: 0.6706730769230769
min_lr: 1e-05
max_lr: 0.003
total_time: 149.11121654510498
average_epoch_time: 1.4911085200309753
