train_loss: 1619.7958321740784
train_mse: 1620.337158203125
train_mae: 31.111438751220703
train_rmse: 40.25341033935547
train_r2: 0.9977712865086604
val_loss: 7528.891773824159
val_mse: 7528.93408203125
val_mae: 57.16414260864258
val_rmse: 86.7694320678711
val_r2: 0.9896606692505969
test_loss: 7383.798900003966
test_mse: 7384.91455078125
test_mae: 56.91543960571289
test_rmse: 85.9355239868164
test_r2: 0.9898548022849342
min_lr: 4e-05
max_lr: 0.002
total_time: 1543.1913452148438
average_epoch_time: 15.431887137889863
