train_loss: 0.47034409112631237
train_accuracy: 0.7847783358811967
train_precision: 0.8068101205958855
train_recall: 0.7472623740692071
train_f1: 0.7758953951108585
val_loss: 0.48996015389760333
val_accuracy: 0.765938864628821
val_precision: 0.7879924953095685
val_recall: 0.7304347826086957
val_f1: 0.7581227436823105
test_loss: 0.4738764638702075
test_accuracy: 0.7755458515283843
test_precision: 0.8007380073800738
test_recall: 0.7444253859348199
test_f1: 0.7715555555555556
min_lr: 1e-05
max_lr: 0.0007
total_time: 323.2413537502289
average_epoch_time: 3.2324095582962036
