train_loss: 14.00205318744366
train_mse: 14.155363082885742
train_mae: 2.4778709411621094
train_rmse: 3.7623612880706787
train_r2: 0.8317527770996094
val_loss: 16.01887083053589
val_mse: 16.76371955871582
val_mae: 2.9751179218292236
val_rmse: 4.0943522453308105
val_r2: 0.7231237292289734
test_loss: 20.39234232902527
test_mse: 23.840286254882812
test_mae: 2.927295684814453
test_rmse: 4.882651329040527
test_r2: 0.7754354476928711
min_lr: 5e-05
max_lr: 0.02
total_time: 5.611514091491699
average_epoch_time: 0.056112875938415525
