train_loss: 0.09776202448985297
train_accuracy: 0.9617262144235589
train_precision: 0.9617249539930935
train_recall: 0.9617262144235589
train_f1: 0.9617236460497052
val_loss: 0.1442184005474204
val_accuracy: 0.9452849348548218
val_precision: 0.9452277438590627
val_recall: 0.9452849348548218
val_f1: 0.945251104990552
test_loss: 0.1444341355795246
test_accuracy: 0.9451653987814533
test_precision: 0.9451499659139163
test_recall: 0.9451653987814533
test_f1: 0.9451439029300326
min_lr: 0.0001
max_lr: 0.01
total_time: 3531.5447981357574
average_epoch_time: 35.31543331861496
