train_loss: 19.572344853327824
train_mse: 19.04570770263672
train_mae: 2.9092979431152344
train_rmse: 4.364138603210449
train_r2: 0.7736274003982544
val_loss: 16.605143547058105
val_mse: 17.64899444580078
val_mae: 2.878312110900879
val_rmse: 4.201070785522461
val_r2: 0.7085021734237671
test_loss: 27.644412517547607
test_mse: 30.91360092163086
test_mae: 3.4619038105010986
test_rmse: 5.559999942779541
test_r2: 0.7088080644607544
min_lr: 0.002
max_lr: 0.2
total_time: 9.66125226020813
average_epoch_time: 0.09661030292510986
