train_loss: 0.5365446614886825
train_accuracy: 0.7504913736623717
train_precision: 0.8073295607652924
train_recall: 0.6561541830924222
train_f1: 0.7239337924368733
val_loss: 0.5353017730845345
val_accuracy: 0.7458515283842795
val_precision: 0.8008474576271186
val_recall: 0.6573913043478261
val_f1: 0.7220630372492837
test_loss: 0.516897718111674
test_accuracy: 0.7572052401746725
test_precision: 0.8197064989517819
test_recall: 0.6706689536878216
test_f1: 0.7377358490566037
min_lr: 0.001
max_lr: 0.1
total_time: 101.18871641159058
average_epoch_time: 1.0118821907043456
