train_loss: 0.47421437750260037
train_accuracy: 0.7798645992574798
train_precision: 0.8176382660687593
train_recall: 0.7187910643889619
train_f1: 0.765034965034965
val_loss: 0.4947098460462358
val_accuracy: 0.7633187772925765
val_precision: 0.7992125984251969
val_recall: 0.7060869565217391
val_f1: 0.749769159741459
test_loss: 0.47697366608513725
test_accuracy: 0.7737991266375546
test_precision: 0.8176470588235294
test_recall: 0.7152658662092625
test_f1: 0.7630375114364136
min_lr: 0.0001
max_lr: 0.008
total_time: 76.80953907966614
average_epoch_time: 0.7680872368812561
