train_loss: 0.0627553852735034
train_accuracy: 0.9744604773143377
train_precision: 0.9744512230120413
train_recall: 0.9744604773143377
train_f1: 0.9744502801036294
val_loss: 0.12030388997038949
val_accuracy: 0.9548028433245556
val_precision: 0.9547491812158115
val_recall: 0.9548028433245556
val_f1: 0.9547590186308162
test_loss: 0.11877681193914313
test_accuracy: 0.9562149323603318
test_precision: 0.9561565368656729
test_recall: 0.9562149323603318
test_f1: 0.9561734873974281
min_lr: 5e-06
max_lr: 0.001
total_time: 5334.845796108246
average_epoch_time: 53.348445045948026
