train_loss: 3.676849126815796
train_mse: 3.7143611907958984
train_mae: 1.4782984256744385
train_rmse: 1.9272677898406982
train_r2: 0.9558520317077637
val_loss: 19.830710887908936
val_mse: 21.05537223815918
val_mae: 3.274310827255249
val_rmse: 4.588613510131836
val_r2: 0.6522411108016968
test_loss: 18.218685150146484
test_mse: 21.13334846496582
test_mae: 3.312002658843994
test_rmse: 4.597102165222168
test_r2: 0.8009335994720459
min_lr: 0.0003
max_lr: 0.01
total_time: 25.294191122055054
average_epoch_time: 0.2529368805885315
