train_loss: 0.5657432570389891
train_accuracy: 0.7182117527862208
train_precision: 0.7082365091660212
train_recall: 0.7146951537258989
train_f1: 0.7114511736480352
val_loss: 0.56270636185523
val_accuracy: 0.7284701114488349
val_precision: 0.7103004291845494
val_recall: 0.7133620689655172
val_f1: 0.7118279569892473
test_loss: 0.5831277485816709
test_accuracy: 0.7115384615384616
test_precision: 0.6615720524017468
test_recall: 0.6997690531177829
test_f1: 0.6801346801346801
min_lr: 1e-05
max_lr: 0.0025
total_time: 267.7984697818756
average_epoch_time: 2.6779815649986265
