train_loss: 3974.942856280332
train_mse: 3977.151611328125
train_mae: 48.90412902832031
train_rmse: 63.06466293334961
train_r2: 0.994529576700922
val_loss: 5299.63847482749
val_mse: 5299.40771484375
val_mae: 55.09363555908203
val_rmse: 72.79702758789062
val_r2: 0.9927224322681688
test_loss: 5289.599984880631
test_mse: 5290.42578125
test_mae: 54.863929748535156
test_rmse: 72.73531341552734
test_r2: 0.9927321542935974
min_lr: 0.0003
max_lr: 0.01
total_time: 1434.7182545661926
average_epoch_time: 14.34716463804245
