train_loss: 58.99681091308594
train_mse: 58.99681091308594
train_mae: 5.336477756500244
train_rmse: 7.680938243865967
train_r2: 0.2865327298641205
val_loss: 40.692440032958984
val_mse: 40.692440032958984
val_mae: 5.024355888366699
val_rmse: 6.379062652587891
val_r2: 0.2734648883342743
test_loss: 89.4792251586914
test_mse: 89.4792251586914
test_mae: 6.861811637878418
test_rmse: 9.459345817565918
test_r2: 0.1764644980430603
