train_loss: 31434.068561999327
train_mse: 31450.05078125
train_mae: 136.89212036132812
train_rmse: 177.3416290283203
train_r2: 0.9567416310310364
val_loss: 33385.54539776332
val_mse: 33379.17578125
val_mae: 139.4472198486328
val_rmse: 182.69969177246094
val_r2: 0.9541610479354858
test_loss: 34876.092500793144
test_mse: 34878.0
test_mae: 141.28546142578125
test_rmse: 186.75653076171875
test_r2: 0.952085554599762
min_lr: 4e-05
max_lr: 0.005
total_time: 1496.5929431915283
average_epoch_time: 14.96591233253479
