train_loss: 0.06510787047722709
train_accuracy: 0.9748262189415438
train_precision: 0.9748918198186586
train_recall: 0.9748262189415438
train_f1: 0.9748469844108505
val_loss: 0.09833396201551223
val_accuracy: 0.9622553828677648
val_precision: 0.9623266860508269
val_recall: 0.9622553828677648
val_f1: 0.9622783216374041
test_loss: 0.0950466918837
test_accuracy: 0.9630993769577639
test_precision: 0.9631681996183422
test_recall: 0.9630993769577639
test_f1: 0.963120102317289
min_lr: 1e-05
max_lr: 0.002
total_time: 2870.393248796463
average_epoch_time: 28.703912837505342
