train_loss: 0.5688081633465493
train_accuracy: 0.71580547112462
train_precision: 0.732768691588785
train_recall: 0.65372589890568
train_f1: 0.6909942164692922
val_loss: 0.5638816625841202
val_accuracy: 0.7001013171225937
val_precision: 0.7121212121212122
val_recall: 0.6077586206896551
val_f1: 0.6558139534883721
test_loss: 0.5681398405182746
test_accuracy: 0.7024291497975709
test_precision: 0.6699266503667481
test_recall: 0.6327944572748267
test_f1: 0.6508313539192399
min_lr: 1e-05
max_lr: 0.005
total_time: 272.1799945831299
average_epoch_time: 2.721796016693115
