train_loss: 0.518935369948546
train_accuracy: 0.7602096527626119
train_precision: 0.7734194739270881
train_recall: 0.7341217696014016
train_f1: 0.7532584269662922
val_loss: 0.5264827344152663
val_accuracy: 0.7510917030567685
val_precision: 0.7695167286245354
val_recall: 0.72
val_f1: 0.7439353099730457
test_loss: 0.5046621395481957
test_accuracy: 0.7668122270742358
test_precision: 0.7851985559566786
test_recall: 0.7461406518010292
test_f1: 0.7651715039577835
min_lr: 0.0001
max_lr: 0.07
total_time: 72.28937888145447
average_epoch_time: 0.7228889012336731
