train_loss: 0.5136950685669054
train_accuracy: 0.7506332320162108
train_precision: 0.7452112306481239
train_recall: 0.7399687337154768
train_f1: 0.7425807295071251
val_loss: 0.5348253961532347
val_accuracy: 0.7477203647416414
val_precision: 0.7352297592997812
val_recall: 0.7241379310344828
val_f1: 0.7296416938110749
test_loss: 0.5510893127610607
test_accuracy: 0.728744939271255
test_precision: 0.6781857451403888
test_recall: 0.7251732101616628
test_f1: 0.7008928571428571
min_lr: 1e-06
max_lr: 0.0001
total_time: 90.4612147808075
average_epoch_time: 0.9046076083183289
