train_loss: 19.059176811805138
train_mse: 19.10245132446289
train_mae: 2.8842198848724365
train_rmse: 4.370635032653809
train_r2: 0.7729529142379761
val_loss: 15.128804206848145
val_mse: 16.090307235717773
val_mae: 2.750730037689209
val_rmse: 4.011272430419922
val_r2: 0.7342460751533508
test_loss: 28.068842887878418
test_mse: 32.15528869628906
test_mae: 3.422712802886963
test_rmse: 5.670563220977783
test_r2: 0.697111964225769
min_lr: 0.005
max_lr: 0.1
total_time: 14.12430739402771
average_epoch_time: 0.1412409448623657
