train_loss: 13.760855674743652
train_mse: 13.760855674743652
train_mae: 2.623063802719116
train_rmse: 3.7095627784729004
train_r2: 0.8374526500701904
val_loss: 16.428997039794922
val_mse: 16.428997039794922
val_mae: 3.0661938190460205
val_rmse: 4.053269863128662
val_r2: 0.6693201065063477
test_loss: 24.31071662902832
test_mse: 24.31071662902832
test_mae: 3.1903045177459717
test_rmse: 4.93058967590332
test_r2: 0.79013991355896
