train_loss: 6.519740379773653
train_mse: 6.070610046386719
train_mae: 1.787961483001709
train_rmse: 2.4638607501983643
train_r2: 0.9278461933135986
val_loss: 12.918118476867676
val_mse: 13.843619346618652
val_mae: 2.652751922607422
val_rmse: 3.7207014560699463
val_r2: 0.7713532447814941
test_loss: 11.649846315383911
test_mse: 13.08969497680664
test_mae: 2.585618257522583
test_rmse: 3.6179683208465576
test_r2: 0.8767011165618896
min_lr: 0.005
max_lr: 0.008
total_time: 18.738074779510498
average_epoch_time: 0.18737828254699707
