train_loss: 0.24764519929885864
train_mse: 0.24764519929885864
train_mae: 0.3416447043418884
train_rmse: 0.49763962626457214
train_r2: 0.7999181151390076
val_loss: 0.27477309107780457
val_mse: 0.27477309107780457
val_mae: 0.3543233573436737
val_rmse: 0.5241880416870117
val_r2: 0.7680690884590149
test_loss: 0.26370736956596375
test_mse: 0.26370736956596375
test_mae: 0.35441702604293823
test_rmse: 0.5135244727134705
test_r2: 0.7981695532798767
