train_loss: 3.7818453311920166
train_mse: 3.7900142669677734
train_mae: 1.4303897619247437
train_rmse: 1.94679594039917
train_r2: 0.9549528360366821
val_loss: 18.186940670013428
val_mse: 19.722959518432617
val_mae: 3.257007360458374
val_rmse: 4.441053867340088
val_r2: 0.6742477416992188
test_loss: 14.847800254821777
test_mse: 15.82093334197998
test_mae: 2.9686944484710693
test_rmse: 3.977553606033325
test_r2: 0.8509740829467773
min_lr: 1e-05
max_lr: 0.02
total_time: 26.568695783615112
average_epoch_time: 0.2656819295883179
