train_loss: 0.4836192022009594
train_accuracy: 0.7770255514304433
train_precision: 0.8114511352418559
train_recall: 0.7201051248357424
train_f1: 0.7630540728707357
val_loss: 0.4922993290755484
val_accuracy: 0.7668122270742358
val_precision: 0.8019607843137255
val_recall: 0.711304347826087
val_f1: 0.7539170506912443
test_loss: 0.47617222037580276
test_accuracy: 0.7860262008733624
test_precision: 0.8237547892720306
test_recall: 0.7375643224699828
test_f1: 0.7782805429864252
min_lr: 0.0002
max_lr: 0.002
total_time: 603.1687488555908
average_epoch_time: 6.031681215763092
