train_loss: 0.5092708120570365
train_accuracy: 0.7574797990827692
train_precision: 0.8055772739119104
train_recall: 0.6769601401664477
train_f1: 0.73568963465429
val_loss: 0.5297498297360208
val_accuracy: 0.748471615720524
val_precision: 0.8021052631578948
val_recall: 0.662608695652174
val_f1: 0.7257142857142856
test_loss: 0.5036370323763953
test_accuracy: 0.7641921397379913
test_precision: 0.8111332007952287
test_recall: 0.6998284734133791
test_f1: 0.7513812154696133
min_lr: 0.001
max_lr: 0.002
total_time: 211.28515362739563
average_epoch_time: 2.1128477001190187
