train_loss: 0.3804277921308833
train_accuracy: 0.8424449612636589
train_precision: 0.8416169285685724
train_recall: 0.8424449612636589
train_f1: 0.8402107423872341
val_loss: 0.3962876596836792
val_accuracy: 0.8361129756802809
val_precision: 0.8348454463492049
val_recall: 0.8361129756802809
val_f1: 0.8335165678820649
test_loss: 0.3930444828345387
test_accuracy: 0.8376303741695639
test_precision: 0.8364119758008494
test_recall: 0.8376303741695639
test_f1: 0.8352210763286224
min_lr: 1e-07
max_lr: 0.03
total_time: 2247.747640132904
average_epoch_time: 22.477462427616118
