train_loss: 0.28444018959999084
train_mse: 0.28444018959999084
train_mae: 0.3702488839626312
train_rmse: 0.5333293676376343
train_r2: 0.769289493560791
val_loss: 0.3048013150691986
val_mse: 0.3048013150691986
val_mae: 0.3770260810852051
val_rmse: 0.5520881414413452
val_r2: 0.7457246780395508
test_loss: 0.28422996401786804
test_mse: 0.28422996401786804
test_mae: 0.3729262351989746
test_rmse: 0.5331321954727173
test_r2: 0.781968891620636
