train_loss: 0.45790519116232203
train_accuracy: 0.7907840139768508
train_precision: 0.8445137805512221
train_recall: 0.7113447218572054
train_f1: 0.7722301474084642
val_loss: 0.5005316643251313
val_accuracy: 0.7502183406113537
val_precision: 0.8054968287526427
val_recall: 0.662608695652174
val_f1: 0.7270992366412213
test_loss: 0.48099015570349163
test_accuracy: 0.777292576419214
test_precision: 0.8293172690763052
test_recall: 0.7084048027444254
test_f1: 0.7641073080481037
min_lr: 0.0001
max_lr: 0.001
total_time: 227.51864886283875
average_epoch_time: 2.2751821994781496
