train_loss: 0.5274722907812365
train_accuracy: 0.7379685916919959
train_precision: 0.7148409035705611
train_recall: 0.7668056279312142
train_f1: 0.7399120050282841
val_loss: 0.5279267206788063
val_accuracy: 0.7406281661600811
val_precision: 0.7131147540983607
val_recall: 0.75
val_f1: 0.7310924369747899
test_loss: 0.5594935566186905
test_accuracy: 0.7054655870445344
test_precision: 0.6437246963562753
test_recall: 0.7344110854503464
test_f1: 0.686084142394822
min_lr: 0.0002
max_lr: 0.002
total_time: 612.6209917068481
average_epoch_time: 6.1262048768997195
