train_loss: 0.521471277422268
train_accuracy: 0.7449341438703141
train_precision: 0.78287841191067
train_recall: 0.6576341844710787
train_f1: 0.7148116680826961
val_loss: 0.5344423007580542
val_accuracy: 0.7375886524822695
val_precision: 0.7690288713910761
val_recall: 0.6314655172413793
val_f1: 0.693491124260355
test_loss: 0.5487254800335053
test_accuracy: 0.7257085020242915
test_precision: 0.7165775401069518
test_recall: 0.6189376443418014
test_f1: 0.6641883519206939
min_lr: 1e-05
max_lr: 0.002
total_time: 272.43304920196533
average_epoch_time: 2.7243262910842896
