train_loss: 10.300445296437607
train_mse: 10.298422813415527
train_mae: 2.406829833984375
train_rmse: 3.209115505218506
train_r2: 0.9999858140945435
val_loss: 525.8843881829741
val_mse: 525.85791015625
val_mae: 16.023452758789062
val_rmse: 22.931591033935547
val_r2: 0.9992778301239014
test_loss: 535.4601299460164
test_mse: 535.5302734375
test_mae: 16.275863647460938
test_rmse: 23.14152717590332
test_r2: 0.9992642998695374
min_lr: 1e-05
max_lr: 0.002
total_time: 1764.646301984787
average_epoch_time: 17.646441402435304
