train_loss: 0.4706459154443043
train_accuracy: 0.7807381524350295
train_precision: 0.7934832491968793
train_recall: 0.7573368374945247
train_f1: 0.7749887942626624
val_loss: 0.49610716849565506
val_accuracy: 0.759825327510917
val_precision: 0.7697841726618705
val_recall: 0.7443478260869565
val_f1: 0.7568523430592394
test_loss: 0.4837978175944752
test_accuracy: 0.7685589519650655
test_precision: 0.7799295774647887
test_recall: 0.7598627787307033
test_f1: 0.7697654213727194
min_lr: 0.0003
max_lr: 0.001
total_time: 217.07398056983948
average_epoch_time: 2.1707352232933044
