train_loss: 46.16209129754662
train_mse: 46.15633010864258
train_mae: 5.3638386726379395
train_rmse: 6.793845176696777
train_r2: 0.999936513686421
val_loss: 426.04517786635967
val_mse: 426.09564208984375
val_mae: 13.71281623840332
val_rmse: 20.6420841217041
val_r2: 0.9994148516074035
test_loss: 495.68401022974007
test_mse: 495.76068115234375
test_mae: 13.883173942565918
test_rmse: 22.265684127807617
test_r2: 0.9993189372437126
min_lr: 0.0001
max_lr: 0.001
total_time: 2722.697232246399
average_epoch_time: 27.226949992179872
