train_loss: 0.5393611006891197
train_accuracy: 0.7369554204660588
train_precision: 0.7435684647302905
train_recall: 0.7003647733194373
train_f1: 0.7213202737152824
val_loss: 0.5344186752073227
val_accuracy: 0.7446808510638298
val_precision: 0.7511848341232228
val_recall: 0.6831896551724138
val_f1: 0.7155756207674944
test_loss: 0.560084589066044
test_accuracy: 0.729757085020243
test_precision: 0.6948356807511737
test_recall: 0.6836027713625866
test_f1: 0.689173457508731
min_lr: 1e-05
max_lr: 0.003
total_time: 96.77362608909607
average_epoch_time: 0.967733633518219
