train_loss: 0.4612169953692665
train_accuracy: 0.7910024022712383
train_precision: 0.7898994315697421
train_recall: 0.7912833990363557
train_f1: 0.7905908096280088
val_loss: 0.5065787409742674
val_accuracy: 0.7519650655021834
val_precision: 0.7530434782608696
val_recall: 0.7530434782608696
val_f1: 0.7530434782608696
test_loss: 0.4692089532812436
test_accuracy: 0.7851528384279476
test_precision: 0.7900172117039587
test_recall: 0.7873070325900514
test_f1: 0.788659793814433
min_lr: 0.0002
max_lr: 0.00055
total_time: 593.1516809463501
average_epoch_time: 5.9315128016471865
