train_loss: 16.710255221667023
train_mse: 16.71809959411621
train_mae: 2.991724967956543
train_rmse: 4.0887770652771
train_r2: 0.9999769926071167
val_loss: 967.6554388830505
val_mse: 967.7952880859375
val_mae: 21.544076919555664
val_rmse: 31.109407424926758
val_r2: 0.9986709356307983
test_loss: 967.3361718811965
test_mse: 967.5560302734375
test_mae: 21.616601943969727
test_rmse: 31.105562210083008
test_r2: 0.9986708164215088
min_lr: 4e-06
max_lr: 0.003
total_time: 1785.2431509494781
average_epoch_time: 17.852411046028138
