train_loss: 0.26939836144447327
train_mse: 0.26939836144447327
train_mae: 0.3540191650390625
train_rmse: 0.5190359950065613
train_r2: 0.7836792469024658
val_loss: 0.29373475909233093
val_mse: 0.29373475909233093
val_mae: 0.36493727564811707
val_rmse: 0.5419729948043823
val_r2: 0.757199227809906
test_loss: 0.2656688392162323
test_mse: 0.2656688392162323
test_mae: 0.3573785126209259
test_rmse: 0.515430748462677
test_r2: 0.7972032427787781
