train_loss: 0.21188823878765106
train_accuracy: 0.9272106289863586
train_precision: 0.9474127292633057
train_recall: 0.909866988658905
train_auc: 0.9945154190063477
train_prc: 0.9805088043212891
val_loss: 17.825145721435547
val_accuracy: 0.9266714453697205
val_precision: 0.9570459723472595
val_recall: 0.9130122065544128
val_auc: 0.9921529293060303
val_prc: 0.9760266542434692
test_loss: 0.20981881022453308
test_accuracy: 0.9237958192825317
test_precision: 0.9547169804573059
test_recall: 0.9094176888465881
test_auc: 0.994979739189148
test_prc: 0.9820648431777954
