train_loss: 19.862790181086613
train_mse: 19.06009864807129
train_mae: 3.1882240772247314
train_rmse: 4.365787506103516
train_r2: 0.7734562754631042
val_loss: 20.84905433654785
val_mse: 21.94199562072754
val_mae: 3.932893991470337
val_rmse: 4.684228420257568
val_r2: 0.6375972628593445
test_loss: 20.38995885848999
test_mse: 22.59042739868164
test_mae: 3.464585065841675
test_rmse: 4.752938747406006
test_r2: 0.7872085571289062
min_lr: 0.0002
max_lr: 0.002
total_time: 41.61919093132019
average_epoch_time: 0.4161862874031067
