train_loss: 1.2277930974960327
train_mse: 1.2277930974960327
train_mae: 0.830599308013916
train_rmse: 1.108058214187622
train_r2: 0.04209606721997261
val_loss: 1.276665210723877
val_mse: 1.276665210723877
val_mae: 0.8534463047981262
val_rmse: 1.1298961639404297
val_r2: 0.043113693594932556
test_loss: 1.2268983125686646
test_mse: 1.2268983125686646
test_mae: 0.8362975716590881
test_rmse: 1.1076544523239136
test_r2: 0.05473491549491882
