train_loss: 0.5481047630310059
train_accuracy: 0.7328605055809021
train_precision: 0.7251051664352417
train_recall: 0.7215631604194641
train_auc: 0.7962942123413086
val_loss: 0.5496819615364075
val_accuracy: 0.7279635071754456
val_precision: 0.7083333134651184
val_recall: 0.6934950351715088
val_auc: 0.7942484021186829
test_loss: 0.5396673083305359
test_accuracy: 0.7392405271530151
test_precision: 0.7411003112792969
test_recall: 0.7141371965408325
test_auc: 0.8043080568313599
