train_loss: 0.5268668046882076
train_accuracy: 0.7443009118541033
train_precision: 0.7706039869086582
train_recall: 0.6748306409588327
train_f1: 0.7195443811640506
val_loss: 0.5280907191336155
val_accuracy: 0.7446808510638298
val_precision: 0.7760416666666666
val_recall: 0.6422413793103449
val_f1: 0.7028301886792453
test_loss: 0.5478831306099892
test_accuracy: 0.729757085020243
test_precision: 0.7044334975369458
test_recall: 0.6605080831408776
test_f1: 0.6817640047675805
min_lr: 0.0001
max_lr: 0.01
total_time: 65.96679639816284
average_epoch_time: 0.6596635794639587
