train_loss: 0.6863577698165947
train_accuracy: 0.5111378030137584
train_precision: 1.0
train_recall: 0.019491896627244855
train_f1: 0.03823845327604726
val_loss: 0.6907885620991389
val_accuracy: 0.5013100436681223
val_precision: 1.0
val_recall: 0.006956521739130435
val_f1: 0.013816925734024179
test_loss: 0.689672201871872
test_accuracy: 0.4960698689956332
test_precision: 1.0
test_recall: 0.010291595197255575
test_f1: 0.02037351443123939
min_lr: 1e-05
max_lr: 0.0005
total_time: 233.74054861068726
average_epoch_time: 2.337400815486908
