train_loss: 60.726696747999924
train_mse: 61.54325866699219
train_mae: 5.0381903648376465
train_rmse: 7.844951152801514
train_r2: 0.2685118317604065
val_loss: 37.10359001159668
val_mse: 41.853271484375
val_mae: 4.723237991333008
val_rmse: 6.469410419464111
val_r2: 0.3087347149848938
test_loss: 93.56696319580078
test_mse: 95.5399169921875
test_mae: 6.510962009429932
test_rmse: 9.774452209472656
test_r2: 0.10005789995193481
min_lr: 0.001
max_lr: 0.05
total_time: 15.120491743087769
average_epoch_time: 0.15120157480239868
