train_loss: 0.5358904662885164
train_accuracy: 0.7365754812563323
train_precision: 0.7509994288977727
train_recall: 0.6852527357998958
train_f1: 0.7166212534059946
val_loss: 0.5403678071114325
val_accuracy: 0.7274569402228976
val_precision: 0.7349397590361446
val_recall: 0.6573275862068966
val_f1: 0.6939704209328783
test_loss: 0.5494872312391957
test_accuracy: 0.7378542510121457
test_precision: 0.7164179104477612
test_recall: 0.6651270207852193
test_f1: 0.6898203592814371
min_lr: 0.0001
max_lr: 0.001
total_time: 202.08908939361572
average_epoch_time: 2.020886387825012
