train_loss: 0.05616436715546528
train_accuracy: 0.9771476025636336
train_precision: 0.9771426508582668
train_recall: 0.9771476025636336
train_f1: 0.9771346725451506
val_loss: 0.12374980434660476
val_accuracy: 0.9559560076418651
val_precision: 0.9558689013193515
val_recall: 0.9559560076418651
val_f1: 0.9558780967531164
test_loss: 0.11930722118835355
test_accuracy: 0.9581253657361193
test_precision: 0.9580543543272088
test_recall: 0.9581253657361193
test_f1: 0.9580731007083447
min_lr: 2e-05
max_lr: 0.002
total_time: 5329.462404727936
average_epoch_time: 53.294608845710755
