train_loss: 40.60390090942383
train_mse: 40.60390090942383
train_mae: 4.128699779510498
train_rmse: 6.372118949890137
train_r2: 0.5054612159729004
val_loss: 52.596065521240234
val_mse: 52.596065521240234
val_mae: 5.1654767990112305
val_rmse: 7.252314567565918
val_r2: -0.41058674454689026
test_loss: 42.42295837402344
test_mse: 42.42295837402344
test_mae: 4.358490467071533
test_rmse: 6.513290882110596
test_r2: 0.5378326177597046
