train_loss: 11.036725044250488
train_mse: 11.036725044250488
train_mae: 2.3027353286743164
train_rmse: 3.3221566677093506
train_r2: 0.8684762716293335
val_loss: 13.792564392089844
val_mse: 13.792564392089844
val_mae: 2.885406494140625
val_rmse: 3.713834285736084
val_r2: 0.7185056209564209
test_loss: 26.170835494995117
test_mse: 26.170835494995117
test_mae: 3.149017333984375
test_rmse: 5.115744113922119
test_r2: 0.7886217832565308
