train_loss: 0.5526335234584113
train_accuracy: 0.7236575481256332
train_precision: 0.7479041916167665
train_recall: 0.6508598228243877
train_f1: 0.6960156032320981
val_loss: 0.5496163704702931
val_accuracy: 0.7284701114488349
val_precision: 0.756544502617801
val_recall: 0.6228448275862069
val_f1: 0.6832151300236406
test_loss: 0.5623632688676158
test_accuracy: 0.7277327935222672
test_precision: 0.7135416666666666
test_recall: 0.6327944572748267
test_f1: 0.6707466340269278
min_lr: 5e-05
max_lr: 0.005
total_time: 78.67859530448914
average_epoch_time: 0.7867810940742492
