train_loss: 2.046220275071951
train_mse: 2.0610713958740234
train_mae: 1.1078320741653442
train_rmse: 1.435643196105957
train_r2: 0.975502610206604
val_loss: 10.843279838562012
val_mse: 10.976420402526855
val_mae: 2.449974775314331
val_rmse: 3.313068151473999
val_r2: 0.8187090754508972
test_loss: 10.746323108673096
test_mse: 11.478129386901855
test_mae: 2.270275831222534
test_rmse: 3.3879387378692627
test_r2: 0.8918812870979309
min_lr: 1e-05
max_lr: 0.004
total_time: 4.586604833602905
average_epoch_time: 0.04586258888244629
