train_loss: 0.46370119063390625
train_accuracy: 0.7868530246778772
train_precision: 0.8203431372549019
train_recall: 0.7330267192290846
train_f1: 0.7742308582003239
val_loss: 0.4935961597495609
val_accuracy: 0.7554585152838428
val_precision: 0.7897838899803536
val_recall: 0.6991304347826087
val_f1: 0.7416974169741698
test_loss: 0.4785970316992866
test_accuracy: 0.7790393013100436
test_precision: 0.8125
test_recall: 0.7358490566037735
test_f1: 0.7722772277227722
min_lr: 5e-05
max_lr: 0.0008
total_time: 117.83413124084473
average_epoch_time: 1.1783365607261658
