train_loss: 0.04714668928253227
train_accuracy: 0.980346766091018
train_precision: 0.9803542026147836
train_recall: 0.980346766091018
train_f1: 0.9803458649595649
val_loss: 0.10285622007234047
val_accuracy: 0.9636839297086108
val_precision: 0.9636916285734145
val_recall: 0.9636839297086108
val_f1: 0.9636854351094117
test_loss: 0.09785396801020606
test_accuracy: 0.9649581769990706
test_precision: 0.9649399718947431
test_recall: 0.9649581769990706
test_f1: 0.9649406043088096
min_lr: 2e-05
max_lr: 0.002
total_time: 7818.926121473312
average_epoch_time: 78.18924648284911
