train_loss: 25.918079669658955
train_mse: 26.15283203125
train_mae: 3.4931516647338867
train_rmse: 5.113984107971191
train_r2: 0.689153790473938
val_loss: 20.962858200073242
val_mse: 21.324243545532227
val_mae: 3.5354816913604736
val_rmse: 4.6178178787231445
val_r2: 0.6478003263473511
test_loss: 35.092013359069824
test_mse: 41.27396774291992
test_mae: 3.928215980529785
test_rmse: 6.4244818687438965
test_r2: 0.6112182140350342
min_lr: 0.002
max_lr: 0.2
total_time: 10.29344367980957
average_epoch_time: 0.10293164730072021
