train_loss: 9.88650131225586
train_mse: 10.0204496383667
train_mae: 2.2912566661834717
train_rmse: 3.1655094623565674
train_r2: 0.8808993697166443
val_loss: 15.93516492843628
val_mse: 16.293827056884766
val_mae: 3.213252544403076
val_rmse: 4.036561489105225
val_r2: 0.7308846712112427
test_loss: 16.948956966400146
test_mse: 18.651281356811523
test_mae: 3.0683653354644775
test_rmse: 4.3187127113342285
test_r2: 0.8243135213851929
min_lr: 5e-05
max_lr: 0.002
total_time: 20.81696391105652
average_epoch_time: 0.20816665649414062
