train_loss: 0.44164952968055776
train_accuracy: 0.7983184101332168
train_precision: 0.8360939431396787
train_recall: 0.7406920718353044
train_f1: 0.7855069097665777
val_loss: 0.49060436255402035
val_accuracy: 0.7580786026200873
val_precision: 0.7944664031620553
val_recall: 0.6991304347826087
val_f1: 0.7437557816836262
test_loss: 0.49295710358354783
test_accuracy: 0.7737991266375546
test_precision: 0.8115384615384615
test_recall: 0.7238421955403087
test_f1: 0.7651858567543064
min_lr: 1e-06
max_lr: 0.0003
total_time: 116.07689476013184
average_epoch_time: 1.1607651233673095
