train_loss: 0.47845083599721927
train_accuracy: 0.7746232801921817
train_precision: 0.8254422476586889
train_recall: 0.6949189662724485
train_f1: 0.7545778834720571
val_loss: 0.5141292611757914
val_accuracy: 0.754585152838428
val_precision: 0.8075313807531381
val_recall: 0.671304347826087
val_f1: 0.7331433998100665
test_loss: 0.5075758074720701
test_accuracy: 0.7650655021834061
test_precision: 0.8090551181102362
test_recall: 0.7049742710120068
test_f1: 0.7534372135655362
min_lr: 1e-07
max_lr: 0.001
total_time: 265.1700162887573
average_epoch_time: 2.651696829795837
