train_loss: 12.860632529625526
train_mse: 12.944398880004883
train_mae: 2.419926166534424
train_rmse: 3.597832441329956
train_r2: 0.8461460471153259
val_loss: 15.995793342590332
val_mse: 17.09715461730957
val_mae: 2.9906883239746094
val_rmse: 4.134870529174805
val_r2: 0.7176165580749512
test_loss: 18.603743076324463
test_mse: 21.19814682006836
test_mae: 2.9371278285980225
test_rmse: 4.60414457321167
test_r2: 0.8003231883049011
min_lr: 0.0008
max_lr: 0.04
total_time: 6.123276710510254
average_epoch_time: 0.061230571269989015
