train_loss: 0.3336406290317816
train_accuracy: 0.866512911755151
train_precision: 0.8653696704535225
train_recall: 0.866512911755151
train_f1: 0.8649259123064195
val_loss: 0.3427818540959631
val_accuracy: 0.8622398926008158
val_precision: 0.8608985061115958
val_recall: 0.8622398926008158
val_f1: 0.8604285155545726
test_loss: 0.34380950033664703
test_accuracy: 0.8616570858146019
test_precision: 0.8607586180299995
test_recall: 0.8616570858146019
test_f1: 0.8600739841110657
min_lr: 1e-07
max_lr: 0.01
total_time: 2303.1771008968353
average_epoch_time: 23.031756641864778
