train_loss: 0.45151253085997367
train_accuracy: 0.7884909368857829
train_precision: 0.8416948271380297
train_recall: 0.7091546211125712
train_f1: 0.76976108403661
val_loss: 0.4914016193813748
val_accuracy: 0.7685589519650655
val_precision: 0.8242677824267782
val_recall: 0.6852173913043478
val_f1: 0.7483380816714149
test_loss: 0.48666131496429443
test_accuracy: 0.7764192139737991
test_precision: 0.8316430020283976
test_recall: 0.7032590051457976
test_f1: 0.7620817843866171
min_lr: 0.0003
max_lr: 0.005
total_time: 126.95228314399719
average_epoch_time: 1.2695172905921936
