train_loss: 0.4637261335235024
train_accuracy: 0.786197859794715
train_precision: 0.8264897346019029
train_recall: 0.722952255803767
train_f1: 0.7712616822429907
val_loss: 0.4956807783908314
val_accuracy: 0.754585152838428
val_precision: 0.8
val_recall: 0.6817391304347826
val_f1: 0.7361502347417841
test_loss: 0.48154723478688133
test_accuracy: 0.7746724890829695
test_precision: 0.8155339805825242
test_recall: 0.7204116638078902
test_f1: 0.7650273224043715
min_lr: 1e-06
max_lr: 0.002
total_time: 92.94426560401917
average_epoch_time: 0.9294395470619201
