train_loss: 0.501085646372639
train_accuracy: 0.771129067481983
train_precision: 0.7957375478927203
train_recall: 0.7277704774419623
train_f1: 0.7602379318233814
val_loss: 0.5108365168174108
val_accuracy: 0.7572052401746725
val_precision: 0.7828571428571428
val_recall: 0.7147826086956521
val_f1: 0.7472727272727273
test_loss: 0.49189987778663635
test_accuracy: 0.7694323144104803
test_precision: 0.7948243992606284
test_recall: 0.7375643224699828
test_f1: 0.7651245551601423
min_lr: 0.0005
max_lr: 0.008
total_time: 328.5371313095093
average_epoch_time: 3.2853683018684388
