train_loss: 0.46730540403061444
train_accuracy: 0.7840139768508408
train_precision: 0.8228542914171657
train_recall: 0.7222952255803767
train_f1: 0.7693025425705623
val_loss: 0.4901423553625743
val_accuracy: 0.7764192139737991
val_precision: 0.8158415841584158
val_recall: 0.7165217391304348
val_f1: 0.7629629629629631
test_loss: 0.4869973096582625
test_accuracy: 0.7764192139737991
test_precision: 0.8174757281553398
test_recall: 0.7221269296740995
test_f1: 0.766848816029144
min_lr: 0.0001
max_lr: 0.01
total_time: 435.073867559433
average_epoch_time: 4.350731868743896
