train_loss: 0.30634844303131104
train_mse: 0.30634844303131104
train_mae: 0.3834347426891327
train_rmse: 0.5534875392913818
train_r2: 0.7537436485290527
val_loss: 0.31686022877693176
val_mse: 0.31686022877693176
val_mae: 0.39129188656806946
val_rmse: 0.5629034042358398
val_r2: 0.7386631965637207
test_loss: 0.29365870356559753
test_mse: 0.29365870356559753
test_mae: 0.38010457158088684
test_rmse: 0.5419028401374817
test_r2: 0.7765126824378967
