train_loss: 0.5513368069160323
train_accuracy: 0.7298632218844985
train_precision: 0.7281241637677281
train_recall: 0.7089630015633143
train_f1: 0.7184158415841584
val_loss: 0.5368630626509266
val_accuracy: 0.7386018237082067
val_precision: 0.7351598173515982
val_recall: 0.6939655172413793
val_f1: 0.7139689578713969
test_loss: 0.5560015353464312
test_accuracy: 0.7186234817813765
test_precision: 0.6773455377574371
test_recall: 0.6836027713625866
test_f1: 0.6804597701149425
min_lr: 0.0001
max_lr: 0.02
total_time: 165.1436791419983
average_epoch_time: 1.6514324760437011
