train_loss: 0.4907224723478643
train_accuracy: 0.7690543786853025
train_precision: 0.7926916646763793
train_recall: 0.7268944371441086
train_f1: 0.7583685593510797
val_loss: 0.49820733070373535
val_accuracy: 0.7458515283842795
val_precision: 0.7699619771863118
val_recall: 0.7043478260869566
val_f1: 0.7356948228882835
test_loss: 0.4934392480386628
test_accuracy: 0.7580786026200873
test_precision: 0.7833333333333333
test_recall: 0.725557461406518
test_f1: 0.7533392698130009
min_lr: 5e-06
max_lr: 0.01
total_time: 92.88821363449097
average_epoch_time: 0.9288795137405396
