train_loss: 7.890944150777964
train_mse: 7.962285041809082
train_mae: 1.959739327430725
train_rmse: 2.8217520713806152
train_r2: 0.9053622484207153
val_loss: 11.856357097625732
val_mse: 11.798937797546387
val_mae: 2.691518783569336
val_rmse: 3.4349582195281982
val_r2: 0.805124044418335
test_loss: 18.418996334075928
test_mse: 20.26017189025879
test_mae: 2.853461503982544
test_rmse: 4.501130104064941
test_r2: 0.8091585040092468
min_lr: 1e-05
max_lr: 0.02
total_time: 5.014530658721924
average_epoch_time: 0.0501412034034729
