train_loss: 0.2551640272140503
train_mse: 0.2551640272140503
train_mae: 0.3403380513191223
train_rmse: 0.5051376223564148
train_r2: 0.79496169090271
val_loss: 0.2746415138244629
val_mse: 0.2746415138244629
val_mae: 0.3517138957977295
val_rmse: 0.5240625143051147
val_r2: 0.7721937298774719
test_loss: 0.2630787789821625
test_mse: 0.2630787789821625
test_mae: 0.35120445489883423
test_rmse: 0.5129120349884033
test_r2: 0.7995764017105103
