train_loss: 0.5230474472045898
train_accuracy: 0.7489023804664612
train_precision: 0.7430384159088135
train_recall: 0.7355198860168457
train_auc: 0.8191961050033569
val_loss: 0.5650033950805664
val_accuracy: 0.7132725715637207
val_precision: 0.6883977651596069
val_recall: 0.6868798136711121
val_auc: 0.7795228362083435
test_loss: 0.5539745688438416
test_accuracy: 0.7245569825172424
test_precision: 0.7232906222343445
test_recall: 0.7037422060966492
test_auc: 0.792227029800415
