train_loss: 16.48550033569336
train_mse: 16.48550033569336
train_mae: 2.877830982208252
train_rmse: 4.060234069824219
train_r2: 0.7931044697761536
val_loss: 22.98310089111328
val_mse: 22.98310089111328
val_mae: 3.4990220069885254
val_rmse: 4.794069290161133
val_r2: 0.6092609167098999
test_loss: 31.427719116210938
test_mse: 31.427719116210938
test_mae: 4.148813247680664
test_rmse: 5.606042861938477
test_r2: 0.7095785140991211
