train_loss: 0.5230178861982293
train_accuracy: 0.762830312295261
train_precision: 0.7792813812412506
train_recall: 0.7314936487078406
train_f1: 0.754631721644826
val_loss: 0.5262261364195082
val_accuracy: 0.7537117903930131
val_precision: 0.7728119180633147
val_recall: 0.7217391304347827
val_f1: 0.7464028776978417
test_loss: 0.4997056225935618
test_accuracy: 0.7685589519650655
test_precision: 0.7859712230215827
test_recall: 0.7495711835334476
test_f1: 0.7673397717295873
min_lr: 0.002
max_lr: 0.05
total_time: 79.0266261100769
average_epoch_time: 0.7902641415596008
