train_loss: 0.49372430815513957
train_accuracy: 0.7721118148067263
train_precision: 0.7857966336177081
train_recall: 0.7463863337713534
train_f1: 0.7655846343929013
val_loss: 0.4984581528438462
val_accuracy: 0.7641921397379913
val_precision: 0.7861163227016885
val_recall: 0.7286956521739131
val_f1: 0.756317689530686
test_loss: 0.49011898123555714
test_accuracy: 0.77117903930131
test_precision: 0.7891891891891892
test_recall: 0.7512864493996569
test_f1: 0.7697715289982426
min_lr: 5e-05
max_lr: 0.004
total_time: 86.2154438495636
average_epoch_time: 0.8621507954597473
