train_loss: 0.5335263374351686
train_accuracy: 0.7415146909827761
train_precision: 0.7538852783272111
train_recall: 0.6951537258989057
train_f1: 0.7233292666395553
val_loss: 0.5297967791557312
val_accuracy: 0.7416413373860182
val_precision: 0.7518072289156627
val_recall: 0.6724137931034483
val_f1: 0.7098976109215017
test_loss: 0.5422871336340904
test_accuracy: 0.7317813765182186
test_precision: 0.6944444444444444
test_recall: 0.6928406466512702
test_f1: 0.6936416184971098
min_lr: 5e-05
max_lr: 0.008
total_time: 103.80499982833862
average_epoch_time: 1.0380460667610167
