train_loss: 0.4709276234023662
train_accuracy: 0.7824852587901289
train_precision: 0.797365988909427
train_recall: 0.7558037669732808
train_f1: 0.7760287834495165
val_loss: 0.48124169806639355
val_accuracy: 0.7755458515283843
val_precision: 0.7944444444444444
val_recall: 0.7460869565217392
val_f1: 0.7695067264573993
test_loss: 0.4693844078315629
test_accuracy: 0.7816593886462883
test_precision: 0.7978533094812165
test_recall: 0.7650085763293311
test_f1: 0.7810858143607706
min_lr: 1e-07
max_lr: 0.0002
total_time: 98.44055724143982
average_epoch_time: 0.984401524066925
