train_loss: 5.187601089477539
train_mse: 5.187601089477539
train_mae: 1.697055697441101
train_rmse: 2.277630567550659
train_r2: 0.9352849125862122
val_loss: 9.881227493286133
val_mse: 9.881227493286133
val_mae: 2.20786190032959
val_rmse: 3.143441915512085
val_r2: 0.6217902898788452
test_loss: 8.192792892456055
test_mse: 8.192792892456055
test_mae: 2.1041510105133057
test_rmse: 2.8623054027557373
test_r2: 0.9097583293914795
