train_loss: 0.5270067512506416
train_accuracy: 0.7432877406281662
train_precision: 0.7574637475120841
train_recall: 0.6941115164147994
train_f1: 0.7244051665533651
val_loss: 0.5341398994768819
val_accuracy: 0.7396149949341438
val_precision: 0.7493975903614458
val_recall: 0.6702586206896551
val_f1: 0.7076222980659841
test_loss: 0.5550943468847582
test_accuracy: 0.7236842105263158
test_precision: 0.6895734597156398
test_recall: 0.6720554272517321
test_f1: 0.6807017543859649
min_lr: 1e-05
max_lr: 0.002
total_time: 106.07449626922607
average_epoch_time: 1.0607405948638915
