train_loss: 0.5112809923787912
train_accuracy: 0.7638130596200043
train_precision: 0.779353638688677
train_recall: 0.7341217696014016
train_f1: 0.7560618021878877
val_loss: 0.5186940199799008
val_accuracy: 0.7475982532751092
val_precision: 0.7648148148148148
val_recall: 0.7182608695652174
val_f1: 0.7408071748878924
test_loss: 0.4965524408552382
test_accuracy: 0.7633187772925765
test_precision: 0.7785714285714286
test_recall: 0.7478559176672385
test_f1: 0.762904636920385
min_lr: 0.001
max_lr: 0.03
total_time: 645.3874845504761
average_epoch_time: 6.453868455886841
