train_loss: 0.5424396991729736
train_accuracy: 0.7396150231361389
train_precision: 0.7345854043960571
train_recall: 0.723307728767395
train_auc: 0.8027713894844055
val_loss: 0.5526291131973267
val_accuracy: 0.7289767265319824
val_precision: 0.7071269750595093
val_recall: 0.7001102566719055
val_auc: 0.7911180257797241
test_loss: 0.5428544878959656
test_accuracy: 0.7351898550987244
test_precision: 0.7347593307495117
test_recall: 0.7141371965408325
test_auc: 0.8032900094985962
