train_loss: 0.5317797281964105
train_accuracy: 0.7418946301925026
train_precision: 0.7292409577177789
train_recall: 0.7459614382490881
train_f1: 0.737506439979392
val_loss: 0.5391756757613151
val_accuracy: 0.7345491388044579
val_precision: 0.7148936170212766
val_recall: 0.7241379310344828
val_f1: 0.7194860813704497
test_loss: 0.5493590668324502
test_accuracy: 0.7155870445344129
test_precision: 0.6674008810572687
test_recall: 0.6997690531177829
test_f1: 0.6832018038331454
min_lr: 0.0005
max_lr: 0.003
total_time: 345.9475495815277
average_epoch_time: 3.459472002983093
