train_loss: 0.5075741460099038
train_accuracy: 0.7679624372133653
train_precision: 0.7974652693151353
train_recall: 0.7166009636443277
train_f1: 0.7548736878532702
val_loss: 0.5071424336897002
val_accuracy: 0.7554585152838428
val_precision: 0.7864077669902912
val_recall: 0.7043478260869566
val_f1: 0.7431192660550459
test_loss: 0.4993897279103597
test_accuracy: 0.7676855895196506
test_precision: 0.7929759704251387
test_recall: 0.7358490566037735
test_f1: 0.7633451957295373
min_lr: 1e-07
max_lr: 0.02
total_time: 100.30110287666321
average_epoch_time: 1.003007550239563
