train_loss: 0.5122901279128802
train_accuracy: 0.7584625464075125
train_precision: 0.8028821410190428
train_recall: 0.683311432325887
train_f1: 0.7382867960246096
val_loss: 0.5292165784372224
val_accuracy: 0.7441048034934498
val_precision: 0.7962184873949579
val_recall: 0.6591304347826087
val_f1: 0.7212178877259753
test_loss: 0.4988008290529251
test_accuracy: 0.7790393013100436
test_precision: 0.8313253012048193
test_recall: 0.7101200686106347
test_f1: 0.7659574468085106
min_lr: 0.0004
max_lr: 0.008
total_time: 197.4179389476776
average_epoch_time: 1.9741756129264831
