train_loss: 0.2551524043083191
train_mse: 0.2551524043083191
train_mae: 0.34935641288757324
train_rmse: 0.5051261186599731
train_r2: 0.7950766086578369
val_loss: 0.26864123344421387
val_mse: 0.26864123344421387
val_mae: 0.3541528880596161
val_rmse: 0.5183061361312866
val_r2: 0.776313066482544
test_loss: 0.2550111413002014
test_mse: 0.2550111413002014
test_mae: 0.35711824893951416
test_rmse: 0.5049862861633301
test_r2: 0.8067008256912231
