train_loss: 45.00039438100961
train_mse: 45.74953079223633
train_mae: 4.387723922729492
train_rmse: 6.7638397216796875
train_r2: 0.4562322497367859
val_loss: 32.75021171569824
val_mse: 35.405128479003906
val_mae: 4.356374740600586
val_rmse: 5.950221061706543
val_r2: 0.4152348041534424
test_loss: 69.50432777404785
test_mse: 72.76935577392578
test_mae: 5.750996112823486
test_rmse: 8.530495643615723
test_r2: 0.3145461082458496
min_lr: 1e-06
max_lr: 0.1
total_time: 4.378926753997803
average_epoch_time: 0.04378658771514893
