train_loss: 12.265390359438383
train_mse: 12.427898406982422
train_mae: 2.3861610889434814
train_rmse: 3.525322437286377
train_r2: 0.8522850275039673
val_loss: 16.861079692840576
val_mse: 17.60405158996582
val_mae: 3.10262393951416
val_rmse: 4.195718288421631
val_r2: 0.7092444896697998
test_loss: 20.04723882675171
test_mse: 22.35066032409668
test_mae: 2.982469081878662
test_rmse: 4.727648735046387
test_r2: 0.7894670367240906
min_lr: 0.001
max_lr: 0.02
total_time: 5.159111976623535
average_epoch_time: 0.05158742666244507
