train_loss: 0.0431597504061175
train_accuracy: 0.9825993042303398
train_precision: 0.9826122183889903
train_recall: 0.9825993042303398
train_f1: 0.9826021501278567
val_loss: 0.1151653035002297
val_accuracy: 0.9613776010739918
val_precision: 0.9613636087096075
val_recall: 0.9613776010739918
val_f1: 0.961366974968086
test_loss: 0.11371938560962151
test_accuracy: 0.962892843619841
test_precision: 0.9628429290131362
test_recall: 0.962892843619841
test_f1: 0.9628440188695536
min_lr: 1e-06
max_lr: 0.002
total_time: 1832.132259130478
average_epoch_time: 18.321315474510193
