train_loss: 0.22953757751601778
train_accuracy: 0.9077341445626053
train_precision: 0.9075606442065812
train_recall: 0.9077341445626053
train_f1: 0.907458483165384
val_loss: 0.265196570970676
val_accuracy: 0.8932032150909623
val_precision: 0.8929664561270081
val_recall: 0.8932032150909623
val_f1: 0.8928952605335425
test_loss: 0.26182055873755317
test_accuracy: 0.8941172420914942
test_precision: 0.8939208084757476
test_recall: 0.8941172420914942
test_f1: 0.8938010420135531
min_lr: 2e-05
max_lr: 0.004
total_time: 2377.991058111191
average_epoch_time: 23.779904181957246
