train_loss: 39382.67396940435
train_mse: 39389.69921875
train_mae: 151.10545349121094
train_rmse: 198.4683837890625
train_r2: 0.945820936246578
val_loss: 41707.20412634835
val_mse: 41695.97265625
val_mae: 153.09100341796875
val_rmse: 204.1959228515625
val_r2: 0.9427397728582485
test_loss: 41689.43412912437
test_mse: 41688.36328125
test_mae: 153.82623291015625
test_rmse: 204.17727661132812
test_r2: 0.9427296455260672
min_lr: 0.0001
max_lr: 0.01
total_time: 2092.5727751255035
average_epoch_time: 20.925709898471833
