train_loss: 0.4625222199054545
train_accuracy: 0.7886001310329767
train_precision: 0.8201071080817917
train_recall: 0.7378449408672799
train_f1: 0.7768042425639843
val_loss: 0.5045736332734426
val_accuracy: 0.7519650655021834
val_precision: 0.7825242718446602
val_recall: 0.7008695652173913
val_f1: 0.7394495412844037
test_loss: 0.493901284204589
test_accuracy: 0.7633187772925765
test_precision: 0.7910447761194029
test_recall: 0.7272727272727273
test_f1: 0.7578194816800715
min_lr: 0.0002
max_lr: 0.003
total_time: 229.89550042152405
average_epoch_time: 2.2989505982398986
