train_loss: 0.4838000109626187
train_accuracy: 0.7785542694911552
train_precision: 0.814108910891089
train_recall: 0.7203241349102059
train_f1: 0.7643504531722054
val_loss: 0.49885886576440597
val_accuracy: 0.759825327510917
val_precision: 0.79296875
val_recall: 0.7060869565217391
val_f1: 0.7470101195952162
test_loss: 0.4791627029577891
test_accuracy: 0.7755458515283843
test_precision: 0.8158914728682171
test_recall: 0.7221269296740995
test_f1: 0.7661510464058237
min_lr: 0.0002
max_lr: 0.02
total_time: 65.7286958694458
average_epoch_time: 0.6572825717926025
