train_loss: 0.5130522901471327
train_accuracy: 0.7483535967578521
train_precision: 0.7473937449879712
train_recall: 0.7285044293903075
train_f1: 0.7378282095263228
val_loss: 0.5376450813585713
val_accuracy: 0.7436676798378926
val_precision: 0.7425287356321839
val_recall: 0.6961206896551724
val_f1: 0.7185761957730812
test_loss: 0.601600052848939
test_accuracy: 0.708502024291498
test_precision: 0.6629213483146067
test_recall: 0.6812933025404158
test_f1: 0.6719817767653758
min_lr: 1e-07
max_lr: 0.00075
total_time: 108.66567873954773
average_epoch_time: 1.0866521358489991
