train_loss: 0.5398629307746887
train_accuracy: 0.7338736653327942
train_precision: 0.7279151678085327
train_recall: 0.7187718152999878
train_auc: 0.8038727641105652
val_loss: 0.5612421035766602
val_accuracy: 0.7223910689353943
val_precision: 0.7028248310089111
val_recall: 0.6857773065567017
val_auc: 0.7846371531486511
test_loss: 0.557285726070404
test_accuracy: 0.7210126519203186
test_precision: 0.7226435542106628
test_recall: 0.6933472156524658
test_auc: 0.7901716232299805
