train_loss: 0.45617968145147847
train_accuracy: 0.7868530246778772
train_precision: 0.8149397590361446
train_recall: 0.7406920718353044
train_f1: 0.776044056906838
val_loss: 0.4942018911242485
val_accuracy: 0.759825327510917
val_precision: 0.7906976744186046
val_recall: 0.7095652173913043
val_f1: 0.7479376718606783
test_loss: 0.4739016302757793
test_accuracy: 0.777292576419214
test_precision: 0.8025830258302583
test_recall: 0.7461406518010292
test_f1: 0.7733333333333333
min_lr: 1e-06
max_lr: 0.003
total_time: 117.27070879936218
average_epoch_time: 1.1727031397819518
