train_loss: 183.24700309056317
train_mse: 183.3467559814453
train_mae: 10.643601417541504
train_rmse: 13.540559768676758
train_r2: 0.9997478133714439
val_loss: 2362.956793925484
val_mse: 2360.41748046875
val_mae: 28.954439163208008
val_rmse: 48.584129333496094
val_r2: 0.9967584869612983
test_loss: 2322.0736492950905
test_mse: 2322.51220703125
test_mae: 28.98233413696289
test_rmse: 48.19245147705078
test_r2: 0.996809394855453
min_lr: 5e-05
max_lr: 0.002
total_time: 2737.2988288402557
average_epoch_time: 27.37297021150589
