train_loss: 6.194584369659424
train_mse: 6.194584369659424
train_mae: 1.700366735458374
train_rmse: 2.488892078399658
train_r2: 0.9224573969841003
val_loss: 18.03217887878418
val_mse: 18.03217887878418
val_mae: 3.3076744079589844
val_rmse: 4.246431350708008
val_r2: 0.5620286464691162
test_loss: 23.446243286132812
test_mse: 23.446243286132812
test_mae: 3.2476394176483154
test_rmse: 4.842132091522217
test_r2: 0.7904554605484009
