train_loss: 2.968285688987145
train_mse: 2.698195695877075
train_mae: 1.1725414991378784
train_rmse: 1.6426185369491577
train_r2: 0.9679298996925354
val_loss: 11.26270055770874
val_mse: 11.376935005187988
val_mae: 2.388357400894165
val_rmse: 3.372971296310425
val_r2: 0.81209397315979
test_loss: 17.04951000213623
test_mse: 18.726930618286133
test_mae: 2.910585880279541
test_rmse: 4.327462196350098
test_r2: 0.8236009478569031
min_lr: 0.001
max_lr: 0.02
total_time: 5.269488573074341
average_epoch_time: 0.0526926064491272
