train_loss: 0.05769619456233892
train_accuracy: 0.9810481294467189
train_precision: 0.981184174351076
train_recall: 0.9810481294467189
train_f1: 0.9810758535593006
val_loss: 0.1730053908466505
val_accuracy: 0.9481076057210719
val_precision: 0.9483466808424288
val_recall: 0.9481076057210719
val_f1: 0.9481163506206188
test_loss: 0.1752528575236708
test_accuracy: 0.947798698839971
test_precision: 0.9481330603797614
test_recall: 0.947798698839971
test_f1: 0.947852861739441
min_lr: 1e-07
max_lr: 0.002
total_time: 2691.3396968841553
average_epoch_time: 26.913383147716523
