train_loss: 0.505530668656353
train_accuracy: 0.7562056737588653
train_precision: 0.7660639777468706
train_recall: 0.7175612298071913
train_f1: 0.7410197766715996
val_loss: 0.5314687461622299
val_accuracy: 0.7426545086119554
val_precision: 0.7430555555555556
val_recall: 0.6918103448275862
val_f1: 0.7165178571428571
test_loss: 0.5521940425519021
test_accuracy: 0.7267206477732794
test_precision: 0.6864988558352403
test_recall: 0.6928406466512702
test_f1: 0.6896551724137931
min_lr: 1e-07
max_lr: 0.0003
total_time: 105.66926789283752
average_epoch_time: 1.0566886639595032
