train_loss: 0.05557678921259981
train_accuracy: 0.9771755710410083
train_precision: 0.9772098315198531
train_recall: 0.9771755710410083
train_f1: 0.9771846510538267
val_loss: 0.11572002553040499
val_accuracy: 0.95686821225108
val_precision: 0.9569443716452806
val_recall: 0.95686821225108
val_f1: 0.9568831289780009
test_loss: 0.10763482995626684
test_accuracy: 0.9597432102165158
test_precision: 0.9598055317916429
test_recall: 0.9597432102165158
test_f1: 0.9597455171877131
min_lr: 1e-05
max_lr: 0.004
total_time: 4375.858378171921
average_epoch_time: 43.75857116699219
