train_loss: 63.62334178044246
train_mse: 63.36308670043945
train_mae: 5.451786994934082
train_rmse: 7.9600934982299805
train_r2: 0.24688178300857544
val_loss: 41.4273099899292
val_mse: 45.843841552734375
val_mae: 4.963296890258789
val_rmse: 6.770808219909668
val_r2: 0.24282485246658325
test_loss: 91.23485565185547
test_mse: 91.13229370117188
test_mae: 7.008288383483887
test_rmse: 9.546323776245117
test_r2: 0.1415756344795227
min_lr: 1e-05
max_lr: 0.1
total_time: 3.8368022441864014
average_epoch_time: 0.03836467981338501
