train_loss: 15.81857890349168
train_mse: 15.937949180603027
train_mae: 2.647374153137207
train_rmse: 3.9922361373901367
train_r2: 0.8105654120445251
val_loss: 15.298259735107422
val_mse: 16.17757225036621
val_mae: 2.7794294357299805
val_rmse: 4.022135257720947
val_r2: 0.7328047752380371
test_loss: 21.188141584396362
test_mse: 24.77341079711914
test_mae: 2.9735004901885986
test_rmse: 4.97728967666626
test_r2: 0.7666458487510681
min_lr: 0.002
max_lr: 0.08
total_time: 31.21720051765442
average_epoch_time: 0.31216848850250245
