train_loss: 0.5278982621046805
train_accuracy: 0.7462006079027356
train_precision: 0.7433651804670913
train_recall: 0.7298071912454404
train_f1: 0.7365237970023666
val_loss: 0.5357447639107704
val_accuracy: 0.7426545086119554
val_precision: 0.7354260089686099
val_recall: 0.7068965517241379
val_f1: 0.7208791208791209
test_loss: 0.5520455688238144
test_accuracy: 0.7206477732793523
test_precision: 0.6772009029345373
test_recall: 0.6928406466512702
test_f1: 0.684931506849315
min_lr: 8e-05
max_lr: 0.005
total_time: 98.11566376686096
average_epoch_time: 0.9811523604393005
