train_loss: 0.5385911760301243
train_accuracy: 0.7375886524822695
train_precision: 0.717487684729064
train_recall: 0.7589890568004168
train_f1: 0.7376551025576096
val_loss: 0.5478345549875691
val_accuracy: 0.7264437689969605
val_precision: 0.6963562753036437
val_recall: 0.7413793103448276
val_f1: 0.7181628392484343
test_loss: 0.5642969848648194
test_accuracy: 0.7095141700404858
test_precision: 0.6514522821576764
test_recall: 0.7251732101616628
test_f1: 0.6863387978142077
min_lr: 8e-05
max_lr: 0.0005
total_time: 264.02043986320496
average_epoch_time: 2.6402010178565978
