train_loss: 0.4219376105776232
train_accuracy: 0.806180388731164
train_precision: 0.8302958579881656
train_recall: 0.768287341217696
train_f1: 0.798088954612672
val_loss: 0.47763680749469334
val_accuracy: 0.77117903930131
val_precision: 0.8015414258188824
val_recall: 0.7234782608695652
val_f1: 0.7605118829981717
test_loss: 0.4831941177447637
test_accuracy: 0.7746724890829695
test_precision: 0.7970749542961609
test_recall: 0.7478559176672385
test_f1: 0.7716814159292035
min_lr: 1e-07
max_lr: 1e-05
total_time: 220.43508434295654
average_epoch_time: 2.2043454909324645
