train_loss: 18.986579454862156
train_mse: 19.067590713500977
train_mae: 3.221318006515503
train_rmse: 4.366645336151123
train_r2: 0.7733672857284546
val_loss: 17.03129005432129
val_mse: 18.17230796813965
val_mae: 3.401898145675659
val_rmse: 4.262898921966553
val_r2: 0.6998589038848877
test_loss: 22.44950032234192
test_mse: 26.510074615478516
test_mae: 3.282221794128418
test_rmse: 5.148793697357178
test_r2: 0.7502872943878174
min_lr: 0.003
max_lr: 0.06
total_time: 18.756513118743896
average_epoch_time: 0.18756272554397582
