train_loss: 0.5272424082930495
train_accuracy: 0.7955885564533741
train_precision: 0.8278967867575463
train_recall: 0.7448532632501095
train_f1: 0.7841826147106293
val_loss: 0.4980485969119602
val_accuracy: 0.7572052401746725
val_precision: 0.7894736842105263
val_recall: 0.7043478260869566
val_f1: 0.744485294117647
test_loss: 0.5833115693595674
test_accuracy: 0.7825327510917031
test_precision: 0.8199233716475096
test_recall: 0.7341337907375644
test_f1: 0.7746606334841629
min_lr: 0.001
max_lr: 0.0025
total_time: 370.06325101852417
average_epoch_time: 3.700628876686096
