train_loss: 2825.399040880542
train_mse: 2826.818603515625
train_mae: 42.766902923583984
train_rmse: 53.1678352355957
train_r2: 0.9961118102073669
val_loss: 3159.3559421597397
val_mse: 3159.520751953125
val_mae: 44.815460205078125
val_rmse: 56.20961380004883
val_r2: 0.9956610798835754
test_loss: 3138.695215835184
test_mse: 3138.9658203125
test_mae: 44.53059387207031
test_rmse: 56.02647399902344
test_r2: 0.9956877827644348
min_lr: 4e-05
max_lr: 0.0015
total_time: 3235.7078399658203
average_epoch_time: 32.35706630945206
