train_loss: 16.28203634115366
train_mse: 16.445545196533203
train_mae: 2.879263401031494
train_rmse: 4.0553107261657715
train_r2: 0.8045322895050049
val_loss: 16.96004056930542
val_mse: 17.884746551513672
val_mae: 2.9535791873931885
val_rmse: 4.229036331176758
val_r2: 0.7046084403991699
test_loss: 19.66831922531128
test_mse: 22.5684757232666
test_mae: 3.0782954692840576
test_rmse: 4.75062894821167
test_r2: 0.7874153256416321
min_lr: 0.004
max_lr: 0.1
total_time: 13.656458377838135
average_epoch_time: 0.13656269073486327
