train_loss: 0.2609283924102783
train_mse: 0.2609283924102783
train_mae: 0.3439474403858185
train_rmse: 0.5108115077018738
train_r2: 0.7906087040901184
val_loss: 0.28527799248695374
val_mse: 0.28527799248695374
val_mae: 0.3552892208099365
val_rmse: 0.5341142416000366
val_r2: 0.7627757787704468
test_loss: 0.26058870553970337
test_mse: 0.26058870553970337
test_mae: 0.35077881813049316
test_rmse: 0.5104789137840271
test_r2: 0.8029073476791382
