train_loss: 2677.4088928687393
train_mse: 2677.49755859375
train_mae: 39.84014129638672
train_rmse: 51.74454116821289
train_r2: 0.99631720175202
val_loss: 13238.907806551397
val_mse: 13242.70703125
val_mae: 72.78783416748047
val_rmse: 115.07695770263672
val_r2: 0.9818140623485904
test_loss: 13365.168117465102
test_mse: 13364.8330078125
test_mae: 73.6015853881836
test_rmse: 115.60636901855469
test_r2: 0.9816397478753426
min_lr: 4e-05
max_lr: 0.004
total_time: 683.4023640155792
average_epoch_time: 6.8340162181854245
