train_loss: 0.48574868134326404
train_accuracy: 0.7720026206595326
train_precision: 0.7954220314735336
train_recall: 0.7306176084099869
train_f1: 0.7616438356164384
val_loss: 0.49716202749146354
val_accuracy: 0.7563318777292577
val_precision: 0.7857142857142857
val_recall: 0.7078260869565217
val_f1: 0.7447392497712718
test_loss: 0.4877016445000966
test_accuracy: 0.7589519650655022
test_precision: 0.7847866419294991
test_recall: 0.725557461406518
test_f1: 0.7540106951871658
min_lr: 0.001
max_lr: 0.04
total_time: 69.03769135475159
average_epoch_time: 0.690372109413147
