train_loss: 0.5292781099134128
train_accuracy: 0.7455673758865248
train_precision: 0.73502955538422
train_recall: 0.7451797811360084
train_f1: 0.7400698667356709
val_loss: 0.544277822779071
val_accuracy: 0.7426545086119554
val_precision: 0.7262931034482759
val_recall: 0.7262931034482759
val_f1: 0.7262931034482759
test_loss: 0.56181388901126
test_accuracy: 0.7246963562753036
test_precision: 0.6716417910447762
test_recall: 0.7274826789838337
test_f1: 0.6984478935698448
min_lr: 1e-07
max_lr: 0.001
total_time: 359.1105806827545
average_epoch_time: 3.591102294921875
