train_loss: 0.13718231258060504
train_accuracy: 0.9452958096766629
train_precision: 0.9452030409671396
train_recall: 0.9452958096766629
train_f1: 0.9451495507845776
val_loss: 0.22007767385126212
val_accuracy: 0.9184007159945612
val_precision: 0.91812985263696
val_recall: 0.9184007159945612
val_f1: 0.918123306843774
test_loss: 0.2221181155695264
test_accuracy: 0.9178857870641286
test_precision: 0.9176502753338885
test_recall: 0.9178857870641286
test_f1: 0.9176305333047619
min_lr: 1e-07
max_lr: 0.002
total_time: 1616.5501239299774
average_epoch_time: 16.16548800230026
