train_loss: 0.5365759922183959
train_accuracy: 0.7374620060790273
train_precision: 0.7495052304212609
train_recall: 0.6907243355914539
train_f1: 0.7189152542372881
val_loss: 0.5428369631690364
val_accuracy: 0.7406281661600811
val_precision: 0.7536585365853659
val_recall: 0.665948275862069
val_f1: 0.7070938215102975
test_loss: 0.5523444039206351
test_accuracy: 0.7176113360323887
test_precision: 0.6850961538461539
test_recall: 0.6581986143187067
test_f1: 0.6713780918727915
min_lr: 1e-06
max_lr: 0.002
total_time: 106.51349115371704
average_epoch_time: 1.0651306176185609
