train_loss: 0.5189537140521926
train_accuracy: 0.743161094224924
train_precision: 0.7350649350649351
train_recall: 0.7373632100052111
train_f1: 0.7362122788761707
val_loss: 0.5273332115142576
val_accuracy: 0.7527862208713273
val_precision: 0.7412280701754386
val_recall: 0.728448275862069
val_f1: 0.7347826086956522
test_loss: 0.5487167325712019
test_accuracy: 0.7267206477732794
test_precision: 0.6745182012847966
test_recall: 0.7274826789838337
test_f1: 0.7
min_lr: 1e-07
max_lr: 0.00015
total_time: 73.35101413726807
average_epoch_time: 0.7335062146186828
