train_loss: 0.5183015754413937
train_accuracy: 0.7593360995850622
train_precision: 0.81293057763646
train_recall: 0.6719229084537889
train_f1: 0.7357314148681056
val_loss: 0.5205912242333094
val_accuracy: 0.7449781659388647
val_precision: 0.7954070981210856
val_recall: 0.662608695652174
val_f1: 0.7229601518026565
test_loss: 0.4928842799531089
test_accuracy: 0.7694323144104803
test_precision: 0.824847250509165
test_recall: 0.6946826758147513
test_f1: 0.7541899441340782
min_lr: 0.0001
max_lr: 0.04
total_time: 184.9182653427124
average_epoch_time: 1.8491794419288636
