train_loss: 0.6842834361754228
train_accuracy: 0.5252238480017472
train_precision: 0.5141705668226729
train_recall: 0.8661848445028472
train_f1: 0.6452928699624735
val_loss: 0.6892672909630669
val_accuracy: 0.5100436681222708
val_precision: 0.5073221757322176
val_recall: 0.8434782608695652
val_f1: 0.6335728282168518
test_loss: 0.6887014425463147
test_accuracy: 0.5179039301310043
test_precision: 0.516506922257721
test_recall: 0.8319039451114922
test_f1: 0.6373193166885677
min_lr: 1e-07
max_lr: 0.0003
total_time: 77.4123592376709
average_epoch_time: 0.7741200685501098
