train_loss: 16.946885182307316
train_mse: 17.107267379760742
train_mae: 2.852635383605957
train_rmse: 4.1360931396484375
train_r2: 0.796667218208313
val_loss: 13.738871574401855
val_mse: 13.851831436157227
val_mae: 2.785233736038208
val_rmse: 3.7218048572540283
val_r2: 0.7712176442146301
test_loss: 26.050034046173096
test_mse: 28.733264923095703
test_mae: 3.3849382400512695
test_rmse: 5.360342025756836
test_r2: 0.7293458580970764
min_lr: 0.001
max_lr: 0.2
total_time: 10.909067869186401
average_epoch_time: 0.10908662796020507
