train_loss: 0.4692145413637992
train_accuracy: 0.7808473465822232
train_precision: 0.8258212375859435
train_recall: 0.7102496714848883
train_f1: 0.7636877428470505
val_loss: 0.4940439917975002
val_accuracy: 0.7528384279475983
val_precision: 0.8016528925619835
val_recall: 0.6747826086956522
val_f1: 0.732766761095373
test_loss: 0.4795058195789655
test_accuracy: 0.7703056768558952
test_precision: 0.8162055335968379
test_recall: 0.7084048027444254
test_f1: 0.7584940312213039
min_lr: 1e-07
max_lr: 0.003
total_time: 115.61926746368408
average_epoch_time: 1.1561889743804932
