train_loss: 0.447081924315529
train_accuracy: 0.7947150032758244
train_precision: 0.81437265917603
train_recall: 0.7619360490582566
train_f1: 0.7872821905408464
val_loss: 0.4831165572007497
val_accuracy: 0.7703056768558952
val_precision: 0.7910447761194029
val_recall: 0.7373913043478261
val_f1: 0.7632763276327632
test_loss: 0.47328289763795006
test_accuracy: 0.7825327510917031
test_precision: 0.8047445255474452
test_recall: 0.7564322469982847
test_f1: 0.7798408488063661
min_lr: 1e-07
max_lr: 0.0004
total_time: 79.9043037891388
average_epoch_time: 0.7990380001068115
