train_loss: 0.5287169568961666
train_accuracy: 0.7403748733535968
train_precision: 0.7460099064391855
train_recall: 0.7063574778530485
train_f1: 0.7256423982869379
val_loss: 0.5313593074679375
val_accuracy: 0.7477203647416414
val_precision: 0.7517564402810304
val_recall: 0.6918103448275862
val_f1: 0.7205387205387206
test_loss: 0.5465760082006454
test_accuracy: 0.7348178137651822
test_precision: 0.7040572792362768
test_recall: 0.6812933025404158
test_f1: 0.6924882629107981
min_lr: 6e-05
max_lr: 0.003
total_time: 92.47028470039368
average_epoch_time: 0.9246982479095459
