train_loss: 0.4563615901602639
train_accuracy: 0.7899104607993012
train_precision: 0.8418737060041408
train_recall: 0.7124397722295226
train_f1: 0.771767497034401
val_loss: 0.4960600237051646
val_accuracy: 0.7668122270742358
val_precision: 0.8221757322175732
val_recall: 0.6834782608695652
val_f1: 0.7464387464387464
test_loss: 0.4869782825311025
test_accuracy: 0.7799126637554585
test_precision: 0.8303393213572854
test_recall: 0.7135506003430532
test_f1: 0.7675276752767527
min_lr: 0.0003
max_lr: 0.01
total_time: 124.4698417186737
average_epoch_time: 1.2446932530403136
