train_loss: 10.55723080268273
train_mse: 10.723090171813965
train_mae: 2.2254245281219482
train_rmse: 3.2746129035949707
train_r2: 0.87254798412323
val_loss: 13.012597560882568
val_mse: 13.514090538024902
val_mae: 2.735915422439575
val_rmse: 3.6761515140533447
val_r2: 0.7767958641052246
test_loss: 15.925647974014282
test_mse: 18.201440811157227
test_mae: 2.7985241413116455
test_rmse: 4.266314506530762
test_r2: 0.8285508155822754
min_lr: 0.01
max_lr: 0.04
total_time: 10.169389486312866
average_epoch_time: 0.10169104814529419
