train_loss: 0.4702925728277047
train_accuracy: 0.7840139768508408
train_precision: 0.7985694508537148
train_recall: 0.757993867717915
train_f1: 0.777752808988764
val_loss: 0.4940476094683011
val_accuracy: 0.7676855895196506
val_precision: 0.7866419294990723
val_recall: 0.7373913043478261
val_f1: 0.7612208258527827
test_loss: 0.49057722588380176
test_accuracy: 0.7703056768558952
test_precision: 0.7826855123674912
test_recall: 0.7598627787307033
test_f1: 0.7711053089643167
min_lr: 1e-06
max_lr: 0.0015
total_time: 99.28001976013184
average_epoch_time: 0.9927960157394409
