train_loss: 0.5612047611460512
train_accuracy: 0.7244174265450861
train_precision: 0.7057949479940565
train_recall: 0.7425742574257426
train_f1: 0.7237176231589639
val_loss: 0.5494277035036395
val_accuracy: 0.7345491388044579
val_precision: 0.7095435684647303
val_recall: 0.7370689655172413
val_f1: 0.7230443974630021
test_loss: 0.5787368311036017
test_accuracy: 0.7095141700404858
test_precision: 0.6520833333333333
test_recall: 0.7228637413394919
test_f1: 0.6856516976998904
min_lr: 1e-05
max_lr: 0.1
total_time: 68.33801460266113
average_epoch_time: 0.6833747744560241
