train_loss: 0.692874357767916
train_accuracy: 0.5139311043566362
train_precision: 0.0
train_recall: 0.0
train_f1: 0.0
val_loss: 0.6915110599610114
val_accuracy: 0.5298885511651469
val_precision: 0.0
val_recall: 0.0
val_f1: 0.0
test_loss: 0.6886902316924064
test_accuracy: 0.5617408906882592
test_precision: 0.0
test_recall: 0.0
test_f1: 0.0
min_lr: 1e-05
max_lr: 0.001
total_time: 257.7161936759949
average_epoch_time: 2.5771564722061155
