train_loss: 15.422061296609732
train_mse: 15.545248031616211
train_mae: 2.5701677799224854
train_rmse: 3.942746162414551
train_r2: 0.8152329921722412
val_loss: 15.603044509887695
val_mse: 16.537403106689453
val_mae: 2.9467177391052246
val_rmse: 4.066620826721191
val_r2: 0.7268617153167725
test_loss: 27.769018173217773
test_mse: 31.027830123901367
test_mae: 3.240402936935425
test_rmse: 5.570262908935547
test_r2: 0.707732081413269
min_lr: 0.001
max_lr: 0.03
total_time: 5.092617750167847
average_epoch_time: 0.050922670364379884
