train_loss: 0.4695320412880037
train_accuracy: 0.785433500764359
train_precision: 0.8284920434453145
train_recall: 0.718353044240035
train_f1: 0.7695014662756599
val_loss: 0.48704950511455536
val_accuracy: 0.7589519650655022
val_precision: 0.8134171907756813
val_recall: 0.6747826086956522
val_f1: 0.7376425855513309
test_loss: 0.48448456823825836
test_accuracy: 0.77117903930131
test_precision: 0.8165680473372781
test_recall: 0.7101200686106347
test_f1: 0.7596330275229359
min_lr: 5e-06
max_lr: 0.0006
total_time: 109.10419154167175
average_epoch_time: 1.0910391998291016
