train_loss: 4.110505947699914
train_mse: 4.158132553100586
train_mae: 1.4809868335723877
train_rmse: 2.0391499996185303
train_r2: 0.950577437877655
val_loss: 13.028974056243896
val_mse: 13.424697875976562
val_mae: 2.530993700027466
val_rmse: 3.663972854614258
val_r2: 0.7782723307609558
test_loss: 11.281420707702637
test_mse: 12.284968376159668
test_mae: 2.4073150157928467
test_rmse: 3.5049920082092285
test_r2: 0.8842812180519104
min_lr: 1e-06
max_lr: 0.003
total_time: 37.61353659629822
average_epoch_time: 0.37613133907318114
