train_loss: 15.613744809077335
train_mse: 15.775650024414062
train_mae: 2.838273048400879
train_rmse: 3.9718573093414307
train_r2: 0.8124944567680359
val_loss: 19.06636142730713
val_mse: 19.091413497924805
val_mae: 3.481698513031006
val_rmse: 4.369372367858887
val_r2: 0.6846786141395569
test_loss: 23.77921962738037
test_mse: 26.77788734436035
test_mae: 3.480484962463379
test_rmse: 5.1747355461120605
test_r2: 0.7477645874023438
min_lr: 0.0001
max_lr: 0.002
total_time: 40.680071115493774
average_epoch_time: 0.4067967748641968
