train_loss: 4.835853209862342
train_mse: 4.892871379852295
train_mae: 1.5804228782653809
train_rmse: 2.2119836807250977
train_r2: 0.9418445229530334
val_loss: 12.872879981994629
val_mse: 13.617707252502441
val_mae: 2.6120238304138184
val_rmse: 3.6902177333831787
val_r2: 0.7750844955444336
test_loss: 10.418629169464111
test_mse: 11.677335739135742
test_mae: 2.3252766132354736
test_rmse: 3.4172117710113525
test_r2: 0.8900048732757568
min_lr: 0.001
max_lr: 0.003
total_time: 10.86440396308899
average_epoch_time: 0.10864089965820313
