train_loss: 11.033830459301289
train_mse: 11.177292823791504
train_mae: 2.1931800842285156
train_rmse: 3.3432457447052
train_r2: 0.8671494126319885
val_loss: 15.399983406066895
val_mse: 16.056856155395508
val_mae: 2.9848759174346924
val_rmse: 4.007100582122803
val_r2: 0.7347985506057739
test_loss: 17.00174069404602
test_mse: 19.59752655029297
test_mae: 2.8573052883148193
test_rmse: 4.426909446716309
test_r2: 0.8154003024101257
min_lr: 0.0001
max_lr: 0.01
total_time: 5.924040079116821
average_epoch_time: 0.059238274097442624
