train_loss: 10.416610910505208
train_mse: 10.41307544708252
train_mae: 2.4763710498809814
train_rmse: 3.2269296646118164
train_r2: 0.9999856772023464
val_loss: 574.2537172578918
val_mse: 574.1731567382812
val_mae: 17.054277420043945
val_rmse: 23.961910247802734
val_r2: 0.9992114997816232
test_loss: 591.4064447238361
test_mse: 591.5422973632812
test_mae: 17.256072998046875
test_rmse: 24.32164192199707
test_r2: 0.9991873550811522
min_lr: 3e-06
max_lr: 0.005
total_time: 788.0028710365295
average_epoch_time: 7.88001303434372
