train_loss: 85.60406816922702
train_mse: 85.27867889404297
train_mae: 6.460386276245117
train_rmse: 9.23464584350586
train_r2: -0.013601541519165039
val_loss: 54.634989738464355
val_mse: 60.55815887451172
val_mae: 5.78806209564209
val_rmse: 7.781912326812744
val_r2: -0.00020265579223632812
test_loss: 116.52411270141602
test_mse: 114.89955139160156
test_mae: 7.851576328277588
test_rmse: 10.719120979309082
test_r2: -0.08230090141296387
min_lr: 0.005
max_lr: 0.06
total_time: 9.504308938980103
average_epoch_time: 0.09503890991210938
