train_loss: 86.00418296227089
train_mse: 85.16096496582031
train_mae: 6.462299823760986
train_rmse: 9.228269577026367
train_r2: -0.01220250129699707
val_loss: 54.635019302368164
val_mse: 60.548851013183594
val_mae: 5.785764217376709
val_rmse: 7.781314373016357
val_r2: -4.8995018005371094e-05
test_loss: 116.17280960083008
test_mse: 114.56880950927734
test_mae: 7.850467681884766
test_rmse: 10.703681945800781
test_r2: -0.07918548583984375
min_lr: 0.005
max_lr: 0.2
total_time: 9.241128206253052
average_epoch_time: 0.09240807294845581
