train_loss: 39920.23663423025
train_mse: 39925.36328125
train_mae: 152.283203125
train_rmse: 199.81332397460938
train_r2: 0.9450841622316121
val_loss: 42199.506325348986
val_mse: 42198.6015625
val_mae: 153.54425048828125
val_rmse: 205.42298889160156
val_r2: 0.9420495242303258
test_loss: 42691.13649072018
test_mse: 42687.08203125
test_mae: 156.407958984375
test_rmse: 206.6085205078125
test_r2: 0.9413576267062127
min_lr: 0.0001
max_lr: 0.01
total_time: 1130.2281744480133
average_epoch_time: 11.30225697517395
