train_loss: 1773.8357948942232
train_mse: 1774.8421630859375
train_mae: 32.55414962768555
train_rmse: 42.128875732421875
train_r2: 0.9975587707105934
val_loss: 2842.4060678240007
val_mse: 2838.838623046875
val_mae: 38.56053161621094
val_rmse: 53.28075408935547
val_r2: 0.9961014812248179
test_loss: 2943.8446571621193
test_mse: 2943.8544921875
test_mae: 38.596492767333984
test_rmse: 54.25729751586914
test_r2: 0.9959558114570306
min_lr: 3e-05
max_lr: 0.001
total_time: 3104.398182630539
average_epoch_time: 31.043964660167696
