train_loss: 0.5435840254611815
train_accuracy: 0.7318895643363729
train_precision: 0.7322537112010796
train_recall: 0.7068785825951016
train_f1: 0.7193424366962747
val_loss: 0.5410227419868592
val_accuracy: 0.7375886524822695
val_precision: 0.7272727272727273
val_recall: 0.7068965517241379
val_f1: 0.7169398907103826
test_loss: 0.5545838052226651
test_accuracy: 0.7246963562753036
test_precision: 0.6808988764044944
test_recall: 0.6997690531177829
test_f1: 0.6902050113895216
min_lr: 5e-05
max_lr: 0.0025
total_time: 352.7726571559906
average_epoch_time: 3.5277214550971987
