train_loss: 0.548898845911026
train_accuracy: 0.7313829787234043
train_precision: 0.7382736608381903
train_recall: 0.693069306930693
train_f1: 0.7149576669802445
val_loss: 0.5356524810194969
val_accuracy: 0.7355623100303952
val_precision: 0.7365967365967366
val_recall: 0.6810344827586207
val_f1: 0.7077267637178052
test_loss: 0.5654440224170685
test_accuracy: 0.7206477732793523
test_precision: 0.6821345707656613
test_recall: 0.6789838337182448
test_f1: 0.6805555555555556
min_lr: 0.0001
max_lr: 0.07
total_time: 64.24472165107727
average_epoch_time: 0.6424442100524902
