train_loss: 0.10943821038935941
train_accuracy: 0.9579225015006164
train_precision: 0.9578805341182842
train_recall: 0.9579225015006164
train_f1: 0.9578684467323287
val_loss: 0.14307273960454875
val_accuracy: 0.9457668542710108
val_precision: 0.9456806773402439
val_recall: 0.9457668542710108
val_f1: 0.9456844491724198
test_loss: 0.14267160281506142
test_accuracy: 0.9451309765584661
test_precision: 0.94501946515236
test_recall: 0.9451309765584661
test_f1: 0.9450352769741862
min_lr: 1e-05
max_lr: 0.01
total_time: 3910.540324449539
average_epoch_time: 39.10538354873657
