train_loss: 28.56285551840884
train_mse: 28.553312301635742
train_mae: 4.212951183319092
train_rmse: 5.343530178070068
train_r2: 0.9999607259778612
val_loss: 464.17542688979717
val_mse: 464.2403564453125
val_mae: 13.867647171020508
val_rmse: 21.54623794555664
val_r2: 0.9993624682109136
test_loss: 447.7695436429251
test_mse: 447.89190673828125
test_mae: 13.883284568786621
test_rmse: 21.163455963134766
test_r2: 0.9993846980448267
min_lr: 5e-05
max_lr: 0.001
total_time: 3418.8790435791016
average_epoch_time: 34.188774738311764
