train_loss: 25.423523536095253
train_mse: 25.83686065673828
train_mae: 3.3763699531555176
train_rmse: 5.0829973220825195
train_r2: 0.6929093599319458
val_loss: 15.657650470733643
val_mse: 15.344701766967773
val_mae: 3.1339707374572754
val_rmse: 3.917231321334839
val_r2: 0.74656081199646
test_loss: 33.448859214782715
test_mse: 36.17450714111328
test_mae: 4.04643440246582
test_rmse: 6.014524459838867
test_r2: 0.6592527627944946
min_lr: 0.001
max_lr: 0.2
total_time: 7.797116041183472
average_epoch_time: 0.07796925783157349
