train_loss: 0.5320217561337256
train_accuracy: 0.7401215805471124
train_precision: 0.7320686070686071
train_recall: 0.7339760291818656
train_f1: 0.7330210772833724
val_loss: 0.5259909741580486
val_accuracy: 0.7406281661600811
val_precision: 0.7251082251082251
val_recall: 0.7219827586206896
val_f1: 0.7235421166306696
test_loss: 0.5520885363221169
test_accuracy: 0.729757085020243
test_precision: 0.6860986547085202
test_recall: 0.7066974595842956
test_f1: 0.6962457337883959
min_lr: 0.0004
max_lr: 0.03
total_time: 60.498164892196655
average_epoch_time: 0.6049781847000122
