train_loss: 0.49895335863691587
train_accuracy: 0.768508407949334
train_precision: 0.8242311770943797
train_recall: 0.6809023215067893
train_f1: 0.7457423842648117
val_loss: 0.5151858809921477
val_accuracy: 0.7467248908296943
val_precision: 0.8051391862955032
val_recall: 0.6539130434782608
val_f1: 0.7216890595009597
test_loss: 0.5018540935383903
test_accuracy: 0.7668122270742358
test_precision: 0.8185483870967742
test_recall: 0.6963979416809606
test_f1: 0.752548656163114
min_lr: 0.0003
max_lr: 0.0005
total_time: 210.56779432296753
average_epoch_time: 2.1056741166114805
