train_loss: 67171.07893921518
train_mse: 67202.859375
train_mae: 195.11813354492188
train_rmse: 259.2351379394531
train_r2: 0.9075649737774735
val_loss: 71372.62103426395
val_mse: 71374.5
val_mae: 198.35357666015625
val_rmse: 267.1600646972656
val_r2: 0.9019828582446032
test_loss: 72152.27284263959
test_mse: 72164.3984375
test_mae: 199.41387939453125
test_rmse: 268.6343078613281
test_r2: 0.9008624779794323
min_lr: 7e-05
max_lr: 0.003
total_time: 599.3071568012238
average_epoch_time: 5.9930628967285156
