train_loss: 0.5171183698600338
train_accuracy: 0.7505065856129686
train_precision: 0.7707246376811594
train_recall: 0.6928087545596665
train_f1: 0.7296926454445664
val_loss: 0.5293591096997261
val_accuracy: 0.7497467071935157
val_precision: 0.7601918465227818
val_recall: 0.6831896551724138
val_f1: 0.7196367763904654
test_loss: 0.548685260117054
test_accuracy: 0.7257085020242915
test_precision: 0.6947115384615384
test_recall: 0.6674364896073903
test_f1: 0.6808009422850412
min_lr: 3e-05
max_lr: 0.002
total_time: 88.39576363563538
average_epoch_time: 0.8839540672302246
