train_loss: 0.2647048234939575
train_mse: 0.2647048234939575
train_mae: 0.35626277327537537
train_rmse: 0.5144947171211243
train_r2: 0.7857015132904053
val_loss: 0.27102646231651306
val_mse: 0.27102646231651306
val_mae: 0.3579654097557068
val_rmse: 0.5206020474433899
val_r2: 0.773509681224823
test_loss: 0.2582557797431946
test_mse: 0.2582557797431946
test_mae: 0.3573097884654999
test_rmse: 0.5081887245178223
test_r2: 0.8022029995918274
