train_loss: 14.033924946418175
train_mse: 14.256138801574707
train_mae: 2.6136815547943115
train_rmse: 3.7757301330566406
train_r2: 0.8305550217628479
val_loss: 15.031067848205566
val_mse: 15.213534355163574
val_mae: 2.95135498046875
val_rmse: 3.9004530906677246
val_r2: 0.7487272024154663
test_loss: 21.883065462112427
test_mse: 25.78423309326172
test_mae: 3.005086898803711
test_rmse: 5.077817916870117
test_r2: 0.7571243643760681
min_lr: 0.001
max_lr: 0.2
total_time: 10.906230211257935
average_epoch_time: 0.1090582251548767
