train_loss: 886.0190537254217
train_mse: 886.4459228515625
train_mae: 23.200342178344727
train_rmse: 29.77324104309082
train_r2: 0.9987807266527968
val_loss: 1132.048214365383
val_mse: 1132.0872802734375
val_mae: 25.571887969970703
val_rmse: 33.64650344848633
val_r2: 0.9984453277174176
test_loss: 1145.9368468928458
test_mse: 1146.05078125
test_mae: 25.57663345336914
test_rmse: 33.853370666503906
test_r2: 0.9984255859750277
min_lr: 2e-05
max_lr: 0.001
total_time: 1535.565863609314
average_epoch_time: 15.355636303424836
