train_loss: 0.5371031751516859
train_accuracy: 0.7387284701114488
train_precision: 0.7304596208776941
train_recall: 0.7329338196977593
train_f1: 0.7316946286903369
val_loss: 0.5364061065258519
val_accuracy: 0.7365754812563323
val_precision: 0.7256637168141593
val_recall: 0.7068965517241379
val_f1: 0.7161572052401747
test_loss: 0.5671268374689163
test_accuracy: 0.7186234817813765
test_precision: 0.6688453159041394
test_recall: 0.7090069284064665
test_f1: 0.6883408071748879
min_lr: 1e-07
max_lr: 0.0002
total_time: 107.38517093658447
average_epoch_time: 1.0738475298881531
