train_loss: 5.9514387387495775
train_mse: 6.0103349685668945
train_mae: 1.8970638513565063
train_rmse: 2.4515984058380127
train_r2: 0.9285626411437988
val_loss: 13.468250751495361
val_mse: 14.330069541931152
val_mae: 2.597973346710205
val_rmse: 3.785507917404175
val_r2: 0.7633188962936401
test_loss: 15.127211570739746
test_mse: 16.136930465698242
test_mae: 2.8995440006256104
test_rmse: 4.017079830169678
test_r2: 0.8479975461959839
min_lr: 1e-06
max_lr: 0.002
total_time: 20.846723079681396
average_epoch_time: 0.20846467971801758
