train_loss: 4.430267810821533
train_mse: 4.430267810821533
train_mae: 1.550553321838379
train_rmse: 2.1048202514648438
train_r2: 0.9435778260231018
val_loss: 12.222881317138672
val_mse: 12.222881317138672
val_mae: 2.7277090549468994
val_rmse: 3.496123790740967
val_r2: 0.750625491142273
test_loss: 24.744735717773438
test_mse: 24.744735717773438
test_mae: 3.455160140991211
test_rmse: 4.974408149719238
test_r2: 0.7734135985374451
