train_loss: 11.407085858858549
train_mse: 11.609100341796875
train_mae: 2.342271327972412
train_rmse: 3.407212972640991
train_r2: 0.862017035484314
val_loss: 14.659347534179688
val_mse: 14.545513153076172
val_mae: 2.8899927139282227
val_rmse: 3.8138580322265625
val_r2: 0.7597604990005493
test_loss: 16.166609287261963
test_mse: 18.338762283325195
test_mae: 2.828500986099243
test_rmse: 4.282378196716309
test_r2: 0.8272572755813599
min_lr: 1e-05
max_lr: 0.005
total_time: 5.986164093017578
average_epoch_time: 0.05985790014266968
