train_loss: 22.01219191918006
train_mse: 21.52179527282715
train_mae: 3.2806625366210938
train_rmse: 4.639158725738525
train_r2: 0.7441971898078918
val_loss: 24.3800368309021
val_mse: 26.729310989379883
val_mae: 4.074795722961426
val_rmse: 5.170039653778076
val_r2: 0.5585280656814575
test_loss: 27.173136711120605
test_mse: 28.583789825439453
test_mae: 4.099050521850586
test_rmse: 5.346381187438965
test_r2: 0.7307538390159607
min_lr: 0.001
max_lr: 0.1
total_time: 3.5863659381866455
average_epoch_time: 0.03586158752441406
