train_loss: 37.38269893939678
train_mse: 37.551273345947266
train_mae: 4.131790637969971
train_rmse: 6.127909183502197
train_r2: 0.5536746978759766
val_loss: 22.202280521392822
val_mse: 24.614696502685547
val_mae: 3.518704891204834
val_rmse: 4.961319923400879
val_r2: 0.5934538841247559
test_loss: 50.17264938354492
test_mse: 54.16939926147461
test_mae: 4.63502836227417
test_rmse: 7.359986305236816
test_r2: 0.48974913358688354
min_lr: 0.0005
max_lr: 0.06
total_time: 13.401488780975342
average_epoch_time: 0.13401278257369995
