train_loss: 7.296763310065637
train_mse: 7.326874256134033
train_mae: 1.8458027839660645
train_rmse: 2.706820011138916
train_r2: 0.9129145741462708
val_loss: 11.836945056915283
val_mse: 12.329017639160156
val_mae: 2.587226390838623
val_rmse: 3.511270046234131
val_r2: 0.7963690161705017
test_loss: 9.454548835754395
test_mse: 10.37475872039795
test_mae: 2.426485061645508
test_rmse: 3.220987319946289
test_r2: 0.9022745490074158
min_lr: 1e-06
max_lr: 0.004
total_time: 6.826886177062988
average_epoch_time: 0.06826313734054565
