train_loss: 13.60274575306819
train_mse: 13.29734992980957
train_mae: 2.3774237632751465
train_rmse: 3.6465530395507812
train_r2: 0.8419509530067444
val_loss: 15.019651889801025
val_mse: 15.91740894317627
val_mae: 2.8799991607666016
val_rmse: 3.9896626472473145
val_r2: 0.7371017336845398
test_loss: 19.34905195236206
test_mse: 23.099252700805664
test_mae: 2.8133113384246826
test_rmse: 4.806168079376221
test_r2: 0.7824156284332275
min_lr: 1e-05
max_lr: 0.06
total_time: 4.026614427566528
average_epoch_time: 0.040263738632202145
