train_loss: 0.48307095628997593
train_accuracy: 0.7766979689888622
train_precision: 0.7952682126961818
train_recall: 0.743539202803329
train_f1: 0.7685342388228636
val_loss: 0.5082898918125365
val_accuracy: 0.754585152838428
val_precision: 0.7752808988764045
val_recall: 0.72
val_f1: 0.7466185752930568
test_loss: 0.49218381030691993
test_accuracy: 0.7650655021834061
test_precision: 0.7793594306049823
test_recall: 0.7512864493996569
test_f1: 0.7650655021834062
min_lr: 0.001
max_lr: 0.002
total_time: 374.869677066803
average_epoch_time: 3.7486931014060976
