train_loss: 6702.997204156091
train_mse: 6705.74951171875
train_mae: 64.65232849121094
train_rmse: 81.88864135742188
train_r2: 0.9907764906974048
val_loss: 7668.085342639594
val_mse: 7667.15625
val_mae: 67.89830780029297
val_rmse: 87.56230163574219
val_r2: 0.9894708517901761
test_loss: 7664.063065117386
test_mse: 7665.07763671875
test_mae: 68.20205688476562
test_rmse: 87.55043029785156
test_r2: 0.989469921813953
min_lr: 7e-05
max_lr: 0.002
total_time: 3005.837564468384
average_epoch_time: 30.058356103897093
