train_loss: 0.46435879435688776
train_accuracy: 0.7889277134745578
train_precision: 0.8199270959902795
train_recall: 0.738939991239597
train_f1: 0.7773298007142033
val_loss: 0.5158477102716764
val_accuracy: 0.7519650655021834
val_precision: 0.77196261682243
val_recall: 0.7182608695652174
val_f1: 0.7441441441441442
test_loss: 0.4965818193223741
test_accuracy: 0.7755458515283843
test_precision: 0.8122605363984674
test_recall: 0.7272727272727273
test_f1: 0.7674208144796381
min_lr: 1e-07
max_lr: 0.001
total_time: 616.3606798648834
average_epoch_time: 6.16359943151474
