train_loss: 0.4786832332611084
train_mse: 0.4786832332611084
train_mae: 0.4871688187122345
train_rmse: 0.6918693780899048
train_r2: 0.6155021786689758
val_loss: 0.5029140114784241
val_mse: 0.5029140114784241
val_mae: 0.49362581968307495
val_rmse: 0.7091643214225769
val_r2: 0.6086193919181824
test_loss: 0.48158130049705505
test_mse: 0.48158130049705505
test_mae: 0.49107658863067627
test_rmse: 0.6939606070518494
test_r2: 0.6123195886611938
