train_loss: 0.5353169631861482
train_accuracy: 0.7353090172239108
train_precision: 0.7341907824222936
train_recall: 0.7139134966128192
train_f1: 0.7239101717305152
val_loss: 0.5295022879877398
val_accuracy: 0.7416413373860182
val_precision: 0.7337807606263982
val_recall: 0.7068965517241379
val_f1: 0.7200878155872668
test_loss: 0.5472821266420426
test_accuracy: 0.7257085020242915
test_precision: 0.684931506849315
test_recall: 0.6928406466512702
test_f1: 0.6888633754305397
min_lr: 1e-07
max_lr: 0.0002
total_time: 97.3573899269104
average_epoch_time: 0.9735701751708984
