train_loss: 14.76440715789795
train_mse: 14.76440715789795
train_mae: 2.4925878047943115
train_rmse: 3.8424479961395264
train_r2: 0.8362159729003906
val_loss: 15.388069152832031
val_mse: 15.388069152832031
val_mae: 2.8050155639648438
val_rmse: 3.922762870788574
val_r2: 0.5118200778961182
test_loss: 15.62524127960205
test_mse: 15.62524127960205
test_mae: 2.5940515995025635
test_rmse: 3.9528775215148926
test_r2: 0.840696394443512
