train_loss: 0.4802187673929261
train_accuracy: 0.7798645992574798
train_precision: 0.8265881147540983
train_recall: 0.7067455102934735
train_f1: 0.7619834710743802
val_loss: 0.49971584727366763
val_accuracy: 0.7668122270742358
val_precision: 0.8181818181818182
val_recall: 0.688695652173913
val_f1: 0.7478753541076487
test_loss: 0.48489313075939816
test_accuracy: 0.7764192139737991
test_precision: 0.8250497017892644
test_recall: 0.7118353344768439
test_f1: 0.7642725598526703
min_lr: 0.0003
max_lr: 0.002
total_time: 443.76173758506775
average_epoch_time: 4.43761179447174
