train_loss: 51.36783174368051
train_mse: 50.561737060546875
train_mae: 5.025128364562988
train_rmse: 7.110677719116211
train_r2: 0.39903557300567627
val_loss: 35.20149517059326
val_mse: 37.69054412841797
val_mae: 4.915358066558838
val_rmse: 6.139262676239014
val_r2: 0.3774879574775696
test_loss: 73.83254432678223
test_mse: 77.4531021118164
test_mae: 6.282189846038818
test_rmse: 8.80074405670166
test_r2: 0.270427405834198
min_lr: 5e-05
max_lr: 0.02
total_time: 4.889191627502441
average_epoch_time: 0.048889603614807126
