train_loss: 0.25676822662353516
train_mse: 0.25676822662353516
train_mae: 0.3448680639266968
train_rmse: 0.5067230463027954
train_r2: 0.791345477104187
val_loss: 0.2779760956764221
val_mse: 0.2779760956764221
val_mae: 0.35557329654693604
val_rmse: 0.5272343754768372
val_r2: 0.7645377516746521
test_loss: 0.27038514614105225
test_mse: 0.27038514614105225
test_mae: 0.3529317378997803
test_rmse: 0.5199857354164124
test_r2: 0.7941378951072693
