train_loss: 4.987271840755756
train_mse: 4.9694437980651855
train_mae: 1.6240415573120117
train_rmse: 2.229224920272827
train_r2: 0.940934419631958
val_loss: 10.623128414154053
val_mse: 11.00564193725586
val_mae: 2.470590829849243
val_rmse: 3.3174753189086914
val_r2: 0.8182264566421509
test_loss: 9.022405624389648
test_mse: 10.00716495513916
test_mae: 2.17253041267395
test_rmse: 3.1634104251861572
test_r2: 0.9057371020317078
min_lr: 1e-06
max_lr: 0.003
total_time: 20.238123655319214
average_epoch_time: 0.20237771511077882
