train_loss: 85.10014343261719
train_mse: 85.10014343261719
train_mae: 6.463650703430176
train_rmse: 9.224973678588867
train_r2: -0.03205154463648796
val_loss: 60.546348571777344
val_mse: 60.546348571777344
val_mae: 5.785160064697266
val_rmse: 7.781153202056885
val_r2: -0.002790987491607666
test_loss: 114.39311218261719
test_mse: 114.39311218261719
test_mae: 7.849867343902588
test_rmse: 10.69547176361084
test_r2: -0.0917629599571228
