train_loss: 0.5132782419442166
train_accuracy: 0.7484802431610942
train_precision: 0.7676300578034682
train_recall: 0.6920270974465867
train_f1: 0.7278706494930118
val_loss: 0.5396251217011483
val_accuracy: 0.7335359675785208
val_precision: 0.7421686746987952
val_recall: 0.6637931034482759
val_f1: 0.7007963594994312
test_loss: 0.5757482984373646
test_accuracy: 0.7277327935222672
test_precision: 0.7
test_recall: 0.6628175519630485
test_f1: 0.6809015421115066
min_lr: 1e-06
max_lr: 0.0008
total_time: 114.77862048149109
average_epoch_time: 1.147782096862793
