train_loss: 0.48443452946400395
train_accuracy: 0.7777899104607993
train_precision: 0.8225847565638542
train_recall: 0.7067455102934735
train_f1: 0.7602780068323713
val_loss: 0.499537399245633
val_accuracy: 0.754585152838428
val_precision: 0.7987804878048781
val_recall: 0.6834782608695652
val_f1: 0.7366447985004687
test_loss: 0.48997309224473107
test_accuracy: 0.7781659388646288
test_precision: 0.8244575936883629
test_recall: 0.7169811320754716
test_f1: 0.7669724770642201
min_lr: 1e-06
max_lr: 0.005
total_time: 78.75642848014832
average_epoch_time: 0.7875608921051025
