train_loss: 9.788628578186035
train_mse: 9.788628578186035
train_mae: 2.109851598739624
train_rmse: 3.128678321838379
train_r2: 0.8833968043327332
val_loss: 13.562579154968262
val_mse: 13.562579154968262
val_mae: 2.7232792377471924
val_rmse: 3.6827406883239746
val_r2: 0.7330744862556458
test_loss: 36.123287200927734
test_mse: 36.123287200927734
test_mae: 3.6058900356292725
test_rmse: 6.010265350341797
test_r2: 0.7090637683868408
