train_loss: 0.5170602051593997
train_accuracy: 0.7553191489361702
train_precision: 0.7591082109842305
train_recall: 0.7274622199062012
train_f1: 0.7429483767961682
val_loss: 0.5343971694669416
val_accuracy: 0.7386018237082067
val_precision: 0.7373271889400922
val_recall: 0.6896551724137931
val_f1: 0.7126948775055679
test_loss: 0.5422406196594238
test_accuracy: 0.7449392712550608
test_precision: 0.7042889390519187
test_recall: 0.7205542725173211
test_f1: 0.7123287671232876
min_lr: 0.0003
max_lr: 0.01
total_time: 197.83071970939636
average_epoch_time: 1.9783029675483703
