train_loss: 0.4765547176479047
train_accuracy: 0.7832496178204849
train_precision: 0.8296296296296296
train_recall: 0.7113447218572054
train_f1: 0.7659474118618087
val_loss: 0.49879974706305397
val_accuracy: 0.7580786026200873
val_precision: 0.8091286307053942
val_recall: 0.6782608695652174
val_f1: 0.7379375591296121
test_loss: 0.48934052139520645
test_accuracy: 0.765938864628821
test_precision: 0.8131212723658051
test_recall: 0.7015437392795884
test_f1: 0.7532228360957642
min_lr: 1e-05
max_lr: 0.001
total_time: 1026.0858290195465
average_epoch_time: 10.260851545333862
