train_loss: 19.37819341512827
train_mse: 19.592824935913086
train_mae: 3.028350591659546
train_rmse: 4.42637825012207
train_r2: 0.7671244740486145
val_loss: 13.4450044631958
val_mse: 13.45604133605957
val_mae: 2.92036509513855
val_rmse: 3.668247699737549
val_r2: 0.7777546644210815
test_loss: 32.87550210952759
test_mse: 37.78924560546875
test_mae: 4.0181169509887695
test_rmse: 6.147295951843262
test_r2: 0.6440426707267761
min_lr: 0.0001
max_lr: 0.03
total_time: 4.874292612075806
average_epoch_time: 0.048740506172180176
