train_loss: 0.532066516427376
train_accuracy: 0.7413880445795339
train_precision: 0.7359432475039411
train_recall: 0.7298071912454404
train_f1: 0.7328623757195186
val_loss: 0.5338909616393428
val_accuracy: 0.7345491388044579
val_precision: 0.726457399103139
val_recall: 0.6982758620689655
val_f1: 0.7120879120879121
test_loss: 0.5514888215449548
test_accuracy: 0.7176113360323887
test_precision: 0.6711111111111111
test_recall: 0.6974595842956121
test_f1: 0.6840317100792752
min_lr: 1e-06
max_lr: 0.004
total_time: 68.17338299751282
average_epoch_time: 0.6817287755012512
