train_loss: 1.2049829305399882
train_accuracy: 0.48775948830594934
train_precision: 0.2379093184324815
train_recall: 0.48775948830594934
train_f1: 0.31982228351086384
val_loss: 1.204817043264532
val_accuracy: 0.4871172613208034
val_precision: 0.2372832262766799
val_recall: 0.4871172613208034
val_f1: 0.31911838084097494
test_loss: 1.2071162848220522
test_accuracy: 0.48679907748442397
test_precision: 0.23697334183968619
test_recall: 0.48679907748442397
test_f1: 0.318769826304481
min_lr: 1e-07
max_lr: 0.003
total_time: 2340.924725294113
average_epoch_time: 23.409225201606752
