train_loss: 0.6928988410620739
train_accuracy: 0.5014195239135182
train_precision: 0.5
train_recall: 0.9995619798510732
train_f1: 0.6665693004235432
val_loss: 0.6930662873718474
val_accuracy: 0.5048034934497817
val_precision: 0.5035026269702276
val_recall: 1.0
val_f1: 0.669772859638905
test_loss: 0.6929017901420593
test_accuracy: 0.5109170305676856
test_precision: 0.5100788781770377
test_recall: 0.9982847341337907
test_f1: 0.6751740139211138
min_lr: 1e-07
max_lr: 1e-05
total_time: 90.27768802642822
average_epoch_time: 0.9027719163894653
