train_loss: 0.04276122886939836
train_accuracy: 0.9829478344868537
train_precision: 0.9829524071117566
train_recall: 0.9829478344868537
train_f1: 0.9829493510722861
val_loss: 0.12076613948668152
val_accuracy: 0.9595704032632829
val_precision: 0.9595491510892316
val_recall: 0.9595704032632829
val_f1: 0.9595548623875798
test_loss: 0.11841627191506031
test_accuracy: 0.9608791435750921
test_precision: 0.9608487876490732
test_recall: 0.9608791435750921
test_f1: 0.9608586778021005
min_lr: 1e-07
max_lr: 0.0006
total_time: 3198.275841474533
average_epoch_time: 31.982737286090853
