train_loss: 9.823826789855957
train_mse: 9.823826789855957
train_mae: 2.1740715503692627
train_rmse: 3.13429856300354
train_r2: 0.8817281126976013
val_loss: 24.674091339111328
val_mse: 24.674091339111328
val_mae: 4.131785869598389
val_rmse: 4.967302322387695
val_r2: 0.44226038455963135
test_loss: 22.05551528930664
test_mse: 22.05551528930664
test_mae: 3.5283544063568115
test_rmse: 4.6963300704956055
test_r2: 0.8028417825698853
