train_loss: 530.881103515625
train_mse: 530.881103515625
train_mae: 21.136384963989258
train_rmse: 23.040857315063477
train_r2: -5.730391979217529
val_loss: 467.67425537109375
val_mse: 467.67425537109375
val_mae: 20.17742156982422
val_rmse: 21.625778198242188
val_r2: -8.923344612121582
test_loss: 636.1986694335938
test_mse: 636.1986694335938
test_mae: 23.022518157958984
test_rmse: 25.222978591918945
test_r2: -5.072432518005371
