train_loss: 19.887073516845703
train_mse: 19.887073516845703
train_mae: 2.0472261905670166
train_rmse: 4.4594926834106445
train_r2: 0.7683757543563843
val_loss: 19.1964054107666
val_mse: 19.1964054107666
val_mae: 2.8319878578186035
val_rmse: 4.3813700675964355
val_r2: 0.6687763929367065
test_loss: 39.48468017578125
test_mse: 39.48468017578125
test_mae: 3.920215368270874
test_rmse: 6.283683776855469
test_r2: 0.6407853364944458
