train_loss: 8705.895057639495
train_mse: 8708.681640625
train_mae: 71.42977905273438
train_rmse: 93.32032012939453
train_r2: 0.9880215525627136
val_loss: 14059.460781349144
val_mse: 14058.4130859375
val_mae: 87.22502136230469
val_rmse: 118.56817626953125
val_r2: 0.9806938767433167
test_loss: 14369.942234097398
test_mse: 14370.421875
test_mae: 87.9809341430664
test_rmse: 119.87669372558594
test_r2: 0.9802582859992981
min_lr: 0.0001
max_lr: 0.005
total_time: 3753.1791195869446
average_epoch_time: 37.5317689704895
