train_loss: 17.550355177659256
train_mse: 17.727672576904297
train_mae: 2.9753835201263428
train_rmse: 4.210424423217773
train_r2: 0.7892931699752808
val_loss: 14.753941059112549
val_mse: 15.867995262145996
val_mae: 3.0291078090667725
val_rmse: 3.9834651947021484
val_r2: 0.7379179000854492
test_loss: 24.339148998260498
test_mse: 28.722272872924805
test_mae: 3.092473030090332
test_rmse: 5.359316349029541
test_r2: 0.7294493913650513
min_lr: 0.001
max_lr: 0.06
total_time: 29.081968307495117
average_epoch_time: 0.290815749168396
