train_loss: 0.3783060610294342
train_mse: 0.3783060610294342
train_mae: 0.42822569608688354
train_rmse: 0.61506587266922
train_r2: 0.692926287651062
val_loss: 0.380743145942688
val_mse: 0.380743145942688
val_mae: 0.43336930871009827
val_rmse: 0.6170438528060913
val_r2: 0.6999983787536621
test_loss: 0.3768457770347595
test_mse: 0.3768457770347595
test_mae: 0.4313390552997589
test_rmse: 0.6138776540756226
test_r2: 0.6939791440963745
