train_loss: 0.5538744023936962
train_accuracy: 0.724290780141844
train_precision: 0.7283475391806434
train_recall: 0.6902032308494007
train_f1: 0.70876254180602
val_loss: 0.5501136895148985
val_accuracy: 0.7223910840932117
val_precision: 0.7219626168224299
val_recall: 0.665948275862069
val_f1: 0.6928251121076233
test_loss: 0.5678969910067897
test_accuracy: 0.7034412955465587
test_precision: 0.6666666666666666
test_recall: 0.6466512702078522
test_f1: 0.6565064478311841
min_lr: 5e-05
max_lr: 0.007
total_time: 189.98352646827698
average_epoch_time: 1.8998317074775697
