train_loss: 0.4571219083611004
train_accuracy: 0.8070454745927897
train_precision: 0.8044178883140234
train_recall: 0.8070454745927897
train_f1: 0.8038985240796781
val_loss: 0.46752967163592185
val_accuracy: 0.8007779556289909
val_precision: 0.7975549992600737
val_recall: 0.8007779556289909
val_f1: 0.7970630332431738
test_loss: 0.4626924622032611
test_accuracy: 0.8041031289800695
test_precision: 0.8014097246592936
test_recall: 0.8041031289800695
test_f1: 0.8008271134580844
min_lr: 1e-07
max_lr: 0.02
total_time: 3023.253645181656
average_epoch_time: 30.2325129032135
