train_loss: 0.5203170176701024
train_accuracy: 0.7483535967578521
train_precision: 0.7527997814804698
train_recall: 0.7180823345492444
train_f1: 0.7350313375116683
val_loss: 0.5299651045953074
val_accuracy: 0.745694022289767
val_precision: 0.7437070938215103
val_recall: 0.7004310344827587
val_f1: 0.7214206437291898
test_loss: 0.5494165680100841
test_accuracy: 0.7257085020242915
test_precision: 0.6824324324324325
test_recall: 0.6997690531177829
test_f1: 0.6909920182440137
min_lr: 1e-07
max_lr: 0.001
total_time: 373.651739358902
average_epoch_time: 3.7365136671066286
