train_loss: 0.6852779544189002
train_accuracy: 0.5268617602096528
train_precision: 0.5172669334519046
train_recall: 0.7643451598773544
train_f1: 0.6169893043401397
val_loss: 0.6909565743472841
val_accuracy: 0.5048034934497817
val_precision: 0.5047058823529412
val_recall: 0.7460869565217392
val_f1: 0.6021052631578947
test_loss: 0.6896785414881177
test_accuracy: 0.5152838427947598
test_precision: 0.5167464114832536
test_recall: 0.7409948542024014
test_f1: 0.6088794926004228
min_lr: 1e-05
max_lr: 6e-05
total_time: 325.2766275405884
average_epoch_time: 3.2527624773979187
