train_loss: 11.572034002258087
train_mse: 11.576220512390137
train_mae: 2.608346939086914
train_rmse: 3.4023845195770264
train_r2: 0.9999840773387112
val_loss: 483.39162077153395
val_mse: 483.4750671386719
val_mae: 15.196098327636719
val_rmse: 21.988065719604492
val_r2: 0.9993360535597786
test_loss: 598.9009642625218
test_mse: 599.004638671875
test_mae: 15.31030559539795
test_rmse: 24.474571228027344
test_r2: 0.9991771034721384
min_lr: 1e-05
max_lr: 0.002
total_time: 1840.6554386615753
average_epoch_time: 18.406533076763154
