train_loss: 0.5240996681485581
train_accuracy: 0.743920972644377
train_precision: 0.7551995503091624
train_recall: 0.7001042209484106
train_f1: 0.7266089778258518
val_loss: 0.5297719384393385
val_accuracy: 0.7558257345491388
val_precision: 0.7673860911270983
val_recall: 0.6896551724137931
val_f1: 0.7264472190692395
test_loss: 0.5454363303799783
test_accuracy: 0.7257085020242915
test_precision: 0.6875
test_recall: 0.6859122401847575
test_f1: 0.6867052023121387
min_lr: 1e-07
max_lr: 0.0007
total_time: 97.41637992858887
average_epoch_time: 0.9741595673561096
