train_loss: 8523.684462184228
train_mse: 8524.2763671875
train_mae: 73.93247985839844
train_rmse: 92.32701110839844
train_r2: 0.9882751703262329
val_loss: 9348.411212127221
val_mse: 9349.4365234375
val_mae: 76.57994842529297
val_rmse: 96.6924819946289
val_r2: 0.9871606230735779
test_loss: 9456.466544059327
test_mse: 9457.171875
test_mae: 77.23193359375
test_rmse: 97.24799346923828
test_r2: 0.9870079755783081
min_lr: 3e-05
max_lr: 0.001
total_time: 3286.802815914154
average_epoch_time: 32.86801107406616
