train_loss: 2488.6577570571512
train_mse: 2487.35986328125
train_mae: 40.322593688964844
train_rmse: 49.87343978881836
train_r2: 0.9965787296001266
val_loss: 2747.721991369567
val_mse: 2747.898193359375
val_mae: 42.02243423461914
val_rmse: 52.4203987121582
val_r2: 0.9962263680940203
test_loss: 2705.1415321621193
test_mse: 2705.24658203125
test_mae: 41.72748565673828
test_rmse: 52.011985778808594
test_r2: 0.9962836045592496
min_lr: 3e-05
max_lr: 0.001
total_time: 3356.2128250598907
average_epoch_time: 33.562122669219974
