train_loss: 29367.205855161406
train_mse: 29369.96875
train_mae: 131.24208068847656
train_rmse: 171.37669372558594
train_r2: 0.9596027038872251
val_loss: 42707.17057622145
val_mse: 42698.68359375
val_mae: 148.8829345703125
val_rmse: 206.6365966796875
val_r2: 0.9413627784111469
test_loss: 42279.39844741434
test_mse: 42280.296875
test_mae: 149.4171905517578
test_rmse: 205.62173461914062
test_r2: 0.9419164555146045
min_lr: 0.0002
max_lr: 0.005
total_time: 1251.5120642185211
average_epoch_time: 12.515105817317963
