train_loss: 0.5237143501820352
train_accuracy: 0.7487335359675785
train_precision: 0.7431794333683106
train_recall: 0.7381448671182907
train_f1: 0.7406535947712418
val_loss: 0.5326545440381573
val_accuracy: 0.745694022289767
val_precision: 0.7350993377483444
val_recall: 0.7176724137931034
val_f1: 0.7262813522355507
test_loss: 0.559923759391231
test_accuracy: 0.7257085020242915
test_precision: 0.66875
test_recall: 0.7413394919168591
test_f1: 0.7031763417305587
min_lr: 0.0005
max_lr: 0.002
total_time: 356.6515545845032
average_epoch_time: 3.5665115189552306
