train_loss: 0.05798236931887525
train_accuracy: 0.9773993188600049
train_precision: 0.9775088865673043
train_recall: 0.9773993188600049
train_f1: 0.977432709477477
val_loss: 0.10842001004480974
val_accuracy: 0.9565584069121014
val_precision: 0.9567723922304894
val_recall: 0.9565584069121014
val_f1: 0.9566352859410417
test_loss: 0.10899959434857714
test_accuracy: 0.9562321434718254
test_precision: 0.9563722477436218
test_recall: 0.9562321434718254
test_f1: 0.9562698412267113
min_lr: 1e-05
max_lr: 0.001
total_time: 3674.0210511684418
average_epoch_time: 36.74019521951676
