train_loss: 11.31481174322275
train_mse: 11.362513542175293
train_mae: 2.3688478469848633
train_rmse: 3.370832681655884
train_r2: 0.8649479150772095
val_loss: 14.465303897857666
val_mse: 15.251738548278809
val_mae: 2.9757239818573
val_rmse: 3.9053473472595215
val_r2: 0.748096227645874
test_loss: 18.133726119995117
test_mse: 20.82552719116211
test_mae: 2.878399133682251
test_rmse: 4.563499450683594
test_r2: 0.8038331270217896
min_lr: 0.03
max_lr: 0.007
total_time: 7.053145408630371
average_epoch_time: 0.07052924871444702
