train_loss: 0.5168070197105408
train_accuracy: 0.7423167824745178
train_precision: 0.7448830604553223
train_recall: 0.7110956311225891
train_auc: 0.8219826221466064
val_loss: 0.5824756026268005
val_accuracy: 0.7117527723312378
val_precision: 0.7016706466674805
val_recall: 0.6482910513877869
val_auc: 0.7766988277435303
test_loss: 0.5720711350440979
test_accuracy: 0.7149367332458496
test_precision: 0.7290470600128174
test_recall: 0.6600831747055054
test_auc: 0.7852035164833069
