train_loss: 0.05294564826258085
train_accuracy: 0.9784857866349403
train_precision: 0.978490358693786
train_recall: 0.9784857866349403
train_f1: 0.9784842898131411
val_loss: 0.12241106698215665
val_accuracy: 0.9582795476842051
val_precision: 0.9582501715263978
val_recall: 0.9582795476842051
val_f1: 0.9582425479942649
test_loss: 0.11683376236831039
test_accuracy: 0.9595194657670992
test_precision: 0.9595057606463246
test_recall: 0.9595194657670992
test_f1: 0.9594863907141086
min_lr: 1e-07
max_lr: 0.002
total_time: 1442.3484425544739
average_epoch_time: 14.42347755432129
