train_loss: 22.26969802863707
train_mse: 22.271692276000977
train_mae: 3.704267740249634
train_rmse: 4.719289302825928
train_r2: 0.9999693661188815
val_loss: 107.46546978635837
val_mse: 107.47258758544922
val_mae: 7.197450160980225
val_rmse: 10.366898536682129
val_r2: 0.99985241011428
test_loss: 109.3427274868573
test_mse: 109.35414123535156
test_mae: 7.223186016082764
test_rmse: 10.457253456115723
test_r2: 0.9998497722026137
min_lr: 0.0001
max_lr: 0.0008
total_time: 3469.5986297130585
average_epoch_time: 34.69596694469452
