train_loss: 26.98993602165809
train_mse: 26.847816467285156
train_mae: 3.536297082901001
train_rmse: 5.181488037109375
train_r2: 0.6808934211730957
val_loss: 23.877015113830566
val_mse: 25.069984436035156
val_mae: 3.649355411529541
val_rmse: 5.006993770599365
val_r2: 0.5859341621398926
test_loss: 35.007168769836426
test_mse: 37.79872131347656
test_mae: 4.493509769439697
test_rmse: 6.148066520690918
test_r2: 0.6439534425735474
min_lr: 5e-06
max_lr: 0.006
total_time: 4.232202768325806
average_epoch_time: 0.04231852054595947
