train_loss: 0.5346028098934575
train_accuracy: 0.7367021276595744
train_precision: 0.7348464619492657
train_recall: 0.7170401250651381
train_f1: 0.7258341025979164
val_loss: 0.5369408572873762
val_accuracy: 0.7396149949341438
val_precision: 0.7390300230946882
val_recall: 0.6896551724137931
val_f1: 0.7134894091415831
test_loss: 0.5541405447067753
test_accuracy: 0.72165991902834
test_precision: 0.6771300448430493
test_recall: 0.6974595842956121
test_f1: 0.6871444823663254
min_lr: 1e-07
max_lr: 0.001
total_time: 101.05610656738281
average_epoch_time: 1.0105568528175355
