train_loss: 0.6932560285093331
train_accuracy: 0.5139311043566362
train_precision: 0.0
train_recall: 0.0
train_f1: 0.0
val_loss: 0.6913885724159979
val_accuracy: 0.5298885511651469
val_precision: 0.0
val_recall: 0.0
val_f1: 0.0
test_loss: 0.687535160972226
test_accuracy: 0.5617408906882592
test_precision: 0.0
test_recall: 0.0
test_f1: 0.0
min_lr: 5e-06
max_lr: 0.004
total_time: 335.9093782901764
average_epoch_time: 3.359088485240936
