train_loss: 0.5277656225057749
train_accuracy: 0.7496200607902735
train_precision: 0.7413748378728924
train_recall: 0.7446586763939552
train_f1: 0.7430131288184063
val_loss: 0.537360155774701
val_accuracy: 0.7274569402228976
val_precision: 0.708779443254818
val_recall: 0.7133620689655172
val_f1: 0.7110633727175081
test_loss: 0.5571753498046629
test_accuracy: 0.7186234817813765
test_precision: 0.6666666666666666
test_recall: 0.7159353348729792
test_f1: 0.6904231625835189
min_lr: 1e-05
max_lr: 0.0005
total_time: 266.0365469455719
average_epoch_time: 2.660361714363098
