train_loss: 8.129274331606352
train_mse: 8.158917427062988
train_mae: 1.9613077640533447
train_rmse: 2.856381893157959
train_r2: 0.9030250906944275
val_loss: 12.71392822265625
val_mse: 13.101683616638184
val_mae: 2.7416694164276123
val_rmse: 3.6196248531341553
val_r2: 0.7836073637008667
test_loss: 13.443813562393188
test_mse: 15.1978178024292
test_mae: 2.6523733139038086
test_rmse: 3.898437976837158
test_r2: 0.8568435311317444
min_lr: 0.0001
max_lr: 0.1
total_time: 4.660113573074341
average_epoch_time: 0.04659889459609985
