train_loss: 0.6821841306802703
train_accuracy: 0.5288272548591395
train_precision: 0.5182015953589557
train_recall: 0.7825229960578186
train_f1: 0.6235058022860135
val_loss: 0.6904826064904531
val_accuracy: 0.5048034934497817
val_precision: 0.5046189376443418
val_recall: 0.76
val_f1: 0.6065232477446217
test_loss: 0.6857536021206114
test_accuracy: 0.5231441048034935
test_precision: 0.5217391304347826
test_recall: 0.7615780445969125
test_f1: 0.6192468619246861
min_lr: 1e-05
max_lr: 0.0001
total_time: 340.15788674354553
average_epoch_time: 3.401574947834015
