train_loss: 43448.70318448604
train_mse: 43462.97265625
train_mae: 157.2197723388672
train_rmse: 208.47775268554688
train_r2: 0.9402183056932895
val_loss: 45948.827520225255
val_mse: 45943.99609375
val_mae: 159.0171356201172
val_rmse: 214.3455047607422
val_r2: 0.9369060544097823
test_loss: 45381.31177625317
test_mse: 45381.0
test_mae: 159.9932098388672
test_rmse: 213.02816772460938
test_r2: 0.9376567928229049
min_lr: 0.0002
max_lr: 0.01
total_time: 1501.7491278648376
average_epoch_time: 15.017464029788972
