train_loss: 0.03112423409700344
train_accuracy: 0.9870764120316087
train_precision: 0.9870759576147521
train_recall: 0.9870764120316087
train_f1: 0.987072245944117
val_loss: 0.09148032322222376
val_accuracy: 0.9691915801793428
val_precision: 0.9691588105063149
val_recall: 0.9691915801793428
val_f1: 0.9691518436125892
test_loss: 0.09504958328848401
test_accuracy: 0.9693125882069464
test_precision: 0.9692978965804545
test_recall: 0.9693125882069464
test_f1: 0.9692644412172473
min_lr: 1e-05
max_lr: 0.002
total_time: 5317.596266269684
average_epoch_time: 53.175949084758756
