train_loss: 0.5234946292867229
train_accuracy: 0.7584625464075125
train_precision: 0.8036635706914345
train_recall: 0.6822163819535698
train_f1: 0.7379767827529021
val_loss: 0.5257589899831348
val_accuracy: 0.7493449781659388
val_precision: 0.7938775510204081
val_recall: 0.6765217391304348
val_f1: 0.7305164319248826
test_loss: 0.5056945747799344
test_accuracy: 0.7641921397379913
test_precision: 0.80990099009901
test_recall: 0.7015437392795884
test_f1: 0.7518382352941176
min_lr: 1e-06
max_lr: 0.03
total_time: 269.7289264202118
average_epoch_time: 2.6972858691215515
