train_loss: 0.4750003326126092
train_accuracy: 0.7825944529373225
train_precision: 0.8162613608450012
train_recall: 0.7277704774419623
train_f1: 0.7694801435683686
val_loss: 0.4999667215678427
val_accuracy: 0.7589519650655022
val_precision: 0.7925636007827789
val_recall: 0.7043478260869566
val_f1: 0.7458563535911602
test_loss: 0.4914216233624352
test_accuracy: 0.7720524017467248
test_precision: 0.8084291187739464
test_recall: 0.7238421955403087
test_f1: 0.7638009049773754
min_lr: 5e-05
max_lr: 0.004
total_time: 266.6097319126129
average_epoch_time: 2.6660938906669616
