train_loss: 0.5204770429896922
train_accuracy: 0.7454407294832827
train_precision: 0.7632488479262672
train_recall: 0.6904637832204273
train_f1: 0.7250341997264022
val_loss: 0.5266285625196272
val_accuracy: 0.7507598784194529
val_precision: 0.7658536585365854
val_recall: 0.6767241379310345
val_f1: 0.7185354691075515
test_loss: 0.5477690792852833
test_accuracy: 0.7277327935222672
test_precision: 0.6961722488038278
test_recall: 0.6720554272517321
test_f1: 0.6839012925969448
min_lr: 1e-07
max_lr: 0.0004
total_time: 86.53615379333496
average_epoch_time: 0.8653571128845214
