train_loss: 36478.122220266894
train_mse: 36480.95703125
train_mae: 144.95669555664062
train_rmse: 190.99989318847656
train_r2: 0.9498218031505106
val_loss: 38515.51376110406
val_mse: 38503.7265625
val_mae: 146.00367736816406
val_rmse: 196.22366333007812
val_r2: 0.9471236195444652
test_loss: 39226.51887690355
test_mse: 39229.26171875
test_mae: 148.21661376953125
test_rmse: 198.06378173828125
test_r2: 0.9461078927410332
min_lr: 7e-05
max_lr: 0.01
total_time: 2682.3595871925354
average_epoch_time: 26.823577704429628
