train_loss: 0.5265303979958257
train_accuracy: 0.7418946301925026
train_precision: 0.7357255107386066
train_recall: 0.7318916102136529
train_f1: 0.73380355276907
val_loss: 0.5286973901093006
val_accuracy: 0.7497467071935157
val_precision: 0.744920993227991
val_recall: 0.7112068965517241
val_f1: 0.7276736493936052
test_loss: 0.5521552860736847
test_accuracy: 0.7257085020242915
test_precision: 0.6824324324324325
test_recall: 0.6997690531177829
test_f1: 0.6909920182440137
min_lr: 0.001
max_lr: 0.02
total_time: 87.65391969680786
average_epoch_time: 0.8765341973304749
