train_loss: 8764.915147810418
train_mse: 8766.2978515625
train_mae: 71.70148468017578
train_rmse: 93.62850952148438
train_r2: 0.9879422852449327
val_loss: 19115.33668603268
val_mse: 19112.099609375
val_mae: 97.6175765991211
val_rmse: 138.24652099609375
val_r2: 0.9737537430213538
test_loss: 20225.496639038705
test_mse: 20228.654296875
test_mae: 99.61376190185547
test_rmse: 142.22747802734375
test_r2: 0.9722104174664862
min_lr: 0.0001
max_lr: 0.005
total_time: 1583.2673993110657
average_epoch_time: 15.832645931243896
