train_loss: 0.07773786315992925
train_accuracy: 0.9694132428588947
train_precision: 0.9693833320324118
train_recall: 0.9694132428588947
train_f1: 0.969393265511261
val_loss: 0.10886866881590057
val_accuracy: 0.9570747491437325
val_precision: 0.9570016591808291
val_recall: 0.9570747491437325
val_f1: 0.9570169188617994
test_loss: 0.10691511068115675
test_accuracy: 0.9593473546521635
test_precision: 0.9592886774370223
test_recall: 0.9593473546521635
test_f1: 0.9593024467913156
min_lr: 2e-05
max_lr: 0.01
total_time: 2675.546175956726
average_epoch_time: 26.7554532289505
