train_loss: 0.25724872946739197
train_mse: 0.25724872946739197
train_mae: 0.3437311351299286
train_rmse: 0.5071969628334045
train_r2: 0.7940231561660767
val_loss: 0.28099167346954346
val_mse: 0.28099167346954346
val_mae: 0.35492971539497375
val_rmse: 0.5300864577293396
val_r2: 0.7637400031089783
test_loss: 0.26685261726379395
test_mse: 0.26685261726379395
test_mae: 0.3538150191307068
test_rmse: 0.5165777802467346
test_r2: 0.7980878353118896
