train_loss: 0.4715232604907619
train_accuracy: 0.7865254422362962
train_precision: 0.8346577800563958
train_recall: 0.7130968024529128
train_f1: 0.7691035785992678
val_loss: 0.49800540341271293
val_accuracy: 0.7563318777292577
val_precision: 0.8008130081300813
val_recall: 0.6852173913043478
val_f1: 0.7385192127460168
test_loss: 0.49370181891653275
test_accuracy: 0.7694323144104803
test_precision: 0.814595660749507
test_recall: 0.7084048027444254
test_f1: 0.7577981651376148
min_lr: 0.0001
max_lr: 0.01
total_time: 85.07243204116821
average_epoch_time: 0.8507203793525696
