train_loss: 474.8921611611613
train_mse: 475.0104064941406
train_mae: 16.95526695251465
train_rmse: 21.79473304748535
train_r2: 0.9993466409323952
val_loss: 11159.980106876586
val_mse: 11163.640625
val_mae: 53.85002517700195
val_rmse: 105.65813446044922
val_r2: 0.9846692001204934
test_loss: 10815.942521613262
test_mse: 10815.5185546875
test_mae: 53.697505950927734
test_rmse: 103.99768829345703
test_r2: 0.9851419289029572
min_lr: 7e-05
max_lr: 0.0015
total_time: 1758.990817785263
average_epoch_time: 17.589891731739044
