train_loss: 0.45862066133097074
train_accuracy: 0.7898012666521075
train_precision: 0.8184229563539909
train_recall: 0.7433201927288655
train_f1: 0.7790657638012166
val_loss: 0.5000667853487862
val_accuracy: 0.7580786026200873
val_precision: 0.7843511450381679
val_recall: 0.7147826086956521
val_f1: 0.7479526842584168
test_loss: 0.501678942806191
test_accuracy: 0.7633187772925765
test_precision: 0.7910447761194029
test_recall: 0.7272727272727273
test_f1: 0.7578194816800714
min_lr: 0.0001
max_lr: 0.0008
total_time: 385.9667282104492
average_epoch_time: 3.859663224220276
