train_loss: 16.99867479617779
train_mse: 17.19728660583496
train_mae: 2.9423489570617676
train_rmse: 4.146961212158203
train_r2: 0.79559725522995
val_loss: 17.123128414154053
val_mse: 18.455629348754883
val_mae: 3.254265546798706
val_rmse: 4.296001434326172
val_r2: 0.6951794624328613
test_loss: 21.559399127960205
test_mse: 24.54219627380371
test_mae: 3.2054457664489746
test_rmse: 4.954008102416992
test_r2: 0.7688238024711609
min_lr: 0.001
max_lr: 0.03
total_time: 15.480717420578003
average_epoch_time: 0.15480491638183594
