train_loss: 13.910130133995644
train_mse: 13.578729629516602
train_mae: 2.4769973754882812
train_rmse: 3.6849327087402344
train_r2: 0.8386065363883972
val_loss: 14.481419086456299
val_mse: 14.826210975646973
val_mae: 2.923696517944336
val_rmse: 3.8504819869995117
val_r2: 0.7551243901252747
test_loss: 22.410681009292603
test_mse: 26.35538101196289
test_mae: 3.0213472843170166
test_rmse: 5.133749008178711
test_r2: 0.7517444491386414
min_lr: 0.005
max_lr: 0.2
total_time: 3.5444633960723877
average_epoch_time: 0.0354423999786377
