train_loss: 21003.09879639911
train_mse: 21011.23046875
train_mae: 116.08235931396484
train_rmse: 144.9525146484375
train_r2: 0.9710998363453714
val_loss: 23599.31650043623
val_mse: 23594.32421875
val_mae: 121.4404525756836
val_rmse: 153.6044464111328
val_r2: 0.9675983951094913
test_loss: 23562.16698723033
test_mse: 23563.720703125
test_mae: 121.90367126464844
test_rmse: 153.50479125976562
test_r2: 0.9676287934434322
min_lr: 1e-05
max_lr: 0.001
total_time: 1678.10378074646
average_epoch_time: 16.781014614105224
