train_loss: 0.5274366958421252
train_accuracy: 0.7441742654508612
train_precision: 0.7353702744691869
train_recall: 0.7399687337154768
train_f1: 0.7376623376623377
val_loss: 0.5421269641768548
val_accuracy: 0.7345491388044579
val_precision: 0.7158119658119658
val_recall: 0.7219827586206896
val_f1: 0.7188841201716738
test_loss: 0.5833879161265588
test_accuracy: 0.708502024291498
test_precision: 0.6593406593406593
test_recall: 0.6928406466512702
test_f1: 0.6756756756756757
min_lr: 1e-07
max_lr: 0.0006
total_time: 124.54665803909302
average_epoch_time: 1.2454619026184082
