train_loss: 56.90170053335336
train_mse: 55.99371337890625
train_mae: 5.027975082397461
train_rmse: 7.4828948974609375
train_r2: 0.3344723582267761
val_loss: 36.6662015914917
val_mse: 39.99088668823242
val_mae: 4.741732120513916
val_rmse: 6.3238348960876465
val_r2: 0.33949464559555054
test_loss: 85.51982498168945
test_mse: 88.37125396728516
test_mae: 6.510659694671631
test_rmse: 9.400598526000977
test_r2: 0.16758334636688232
min_lr: 1e-05
max_lr: 0.01
total_time: 4.98189902305603
average_epoch_time: 0.049816296100616456
