train_loss: 0.3919268580448982
train_accuracy: 0.8419888599403196
train_precision: 0.8404404427234445
train_recall: 0.8419888599403196
train_f1: 0.8390639810371807
val_loss: 0.39975663474740436
val_accuracy: 0.8377824822292216
val_precision: 0.836127728834846
val_recall: 0.8377824822292216
val_f1: 0.8345723294852408
test_loss: 0.4000225678939651
test_accuracy: 0.8392482186499605
test_precision: 0.837957629218092
test_recall: 0.8392482186499605
test_f1: 0.8360359225523908
min_lr: 1e-07
max_lr: 0.02
total_time: 1635.0348224639893
average_epoch_time: 16.350335075855256
