train_loss: 0.4608967872239156
train_accuracy: 0.7905656256824635
train_precision: 0.7946150422785937
train_recall: 0.7820849759088918
train_f1: 0.7883002207505518
val_loss: 0.4843336401714219
val_accuracy: 0.7694323144104803
val_precision: 0.7713787085514834
val_recall: 0.768695652173913
val_f1: 0.7700348432055749
test_loss: 0.4796809520986345
test_accuracy: 0.7799126637554585
test_precision: 0.7908611599297012
test_recall: 0.7718696397941681
test_f1: 0.78125
min_lr: 1e-07
max_lr: 0.0001
total_time: 208.65279912948608
average_epoch_time: 2.086520884037018
