train_loss: 532.4531860351562
train_mse: 532.4531860351562
train_mae: 21.173540115356445
train_rmse: 23.074947357177734
train_r2: -5.750734329223633
val_loss: 469.175048828125
val_mse: 469.175048828125
val_mae: 20.21457862854004
val_rmse: 21.66044807434082
val_r2: -8.956596374511719
test_loss: 637.9109497070312
test_mse: 637.9109497070312
test_mae: 23.059675216674805
test_rmse: 25.256898880004883
test_r2: -5.08868408203125
