train_loss: 550.3096923828125
train_mse: 550.3096923828125
train_mae: 21.566259384155273
train_rmse: 23.458681106567383
train_r2: -6.001036643981934
val_loss: 571.7489624023438
val_mse: 571.7489624023438
val_mae: 22.173189163208008
val_rmse: 23.911272048950195
val_r2: -15.334360122680664
test_loss: 595.6485595703125
test_mse: 595.6485595703125
test_mae: 22.586790084838867
test_rmse: 24.405912399291992
test_r2: -6.036640644073486
