train_loss: 0.5106675110517009
train_accuracy: 0.7541793313069909
train_precision: 0.7595075239398085
train_recall: 0.7232933819697759
train_f1: 0.7409582276791672
val_loss: 0.5305072963237762
val_accuracy: 0.7426545086119554
val_precision: 0.7419354838709677
val_recall: 0.6939655172413793
val_f1: 0.7171492204899778
test_loss: 0.5489967316389084
test_accuracy: 0.7246963562753036
test_precision: 0.6850574712643678
test_recall: 0.6882217090069284
test_f1: 0.6866359447004609
min_lr: 6e-05
max_lr: 0.006
total_time: 73.1158196926117
average_epoch_time: 0.731154088973999
