train_loss: 20.73121144221379
train_mse: 20.832988739013672
train_mae: 3.0350849628448486
train_rmse: 4.564316749572754
train_r2: 0.7523841857910156
val_loss: 19.32332706451416
val_mse: 19.294994354248047
val_mae: 3.524818181991577
val_rmse: 4.392606735229492
val_r2: 0.6813161969184875
test_loss: 36.797024726867676
test_mse: 42.69294738769531
test_mae: 3.807245969772339
test_rmse: 6.533984184265137
test_r2: 0.5978520512580872
min_lr: 0.001
max_lr: 0.2
total_time: 10.12710976600647
average_epoch_time: 0.10126850843429565
