train_loss: 37.313236236572266
train_mse: 37.313236236572266
train_mae: 4.1806817054748535
train_rmse: 6.108456134796143
train_r2: 0.5463376045227051
val_loss: 27.827085494995117
val_mse: 27.827085494995117
val_mae: 4.044801235198975
val_rmse: 5.2751383781433105
val_r2: 0.4892089366912842
test_loss: 60.5048942565918
test_mse: 60.50489807128906
test_mae: 5.499758243560791
test_rmse: 7.778489589691162
test_r2: 0.45044636726379395
