train_loss: 0.47230446711182594
train_accuracy: 0.7833588119676785
train_precision: 0.8034790785143394
train_recall: 0.7485764345159878
train_f1: 0.7750566893424036
val_loss: 0.49511134293344283
val_accuracy: 0.765938864628821
val_precision: 0.7826887661141805
val_recall: 0.7391304347826086
val_f1: 0.7602862254025045
test_loss: 0.4800009760591719
test_accuracy: 0.7755458515283843
test_precision: 0.7952898550724637
test_recall: 0.7530017152658662
test_f1: 0.773568281938326
min_lr: 0.0001
max_lr: 0.01
total_time: 82.06815314292908
average_epoch_time: 0.820675995349884
