train_loss: 0.05798809749914317
train_accuracy: 0.9768012237284562
train_precision: 0.9768073313550606
train_recall: 0.9768012237284562
train_f1: 0.9767769088319911
val_loss: 0.12405785138714681
val_accuracy: 0.9560420646804703
val_precision: 0.9560134643555798
val_recall: 0.9560420646804703
val_f1: 0.9560003884149014
test_loss: 0.12154460618362684
test_accuracy: 0.9576606657257926
test_precision: 0.9576482441586252
test_recall: 0.9576606657257926
test_f1: 0.9576016875824117
min_lr: 1e-07
max_lr: 0.001
total_time: 2727.050274848938
average_epoch_time: 27.27048001766205
