train_loss: 19.314093065140817
train_mse: 19.319229125976562
train_mae: 3.433234214782715
train_rmse: 4.395364284515381
train_r2: 0.9999734271224141
val_loss: 678.9064540185299
val_mse: 678.9343872070312
val_mae: 18.656003952026367
val_rmse: 26.05636978149414
val_r2: 0.9990676333836936
test_loss: 665.326714530209
test_mse: 665.4157104492188
test_mae: 18.698532104492188
test_rmse: 25.795652389526367
test_r2: 0.9990858696993723
min_lr: 4e-06
max_lr: 0.005
total_time: 834.4772100448608
average_epoch_time: 8.344756441116333
