train_loss: 16.1425246825585
train_mse: 16.059289932250977
train_mae: 2.7880587577819824
train_rmse: 4.007404327392578
train_r2: 0.8091232180595398
val_loss: 18.921563148498535
val_mse: 19.603322982788086
val_mae: 3.449676752090454
val_rmse: 4.4275641441345215
val_r2: 0.6762237548828125
test_loss: 18.81325101852417
test_mse: 21.896745681762695
test_mae: 3.078850507736206
test_rmse: 4.67939567565918
test_r2: 0.7937427163124084
min_lr: 0.003
max_lr: 0.2
total_time: 8.604292392730713
average_epoch_time: 0.08604002952575683
