train_loss: 94246.92147099064
train_mse: 94192.578125
train_mae: 245.33926391601562
train_rmse: 306.9080810546875
train_r2: 0.8704416196055343
val_loss: 92477.31743734136
val_mse: 92481.375
val_mae: 243.38275146484375
val_rmse: 304.1075134277344
val_r2: 0.8729972307696661
test_loss: 95846.42675285533
test_mse: 95853.7578125
test_mae: 244.9261474609375
test_rmse: 309.6025695800781
test_r2: 0.868318651592596
min_lr: 8e-05
max_lr: 0.004
total_time: 599.4457285404205
average_epoch_time: 5.994449751377106
