train_loss: 0.5238231305153139
train_accuracy: 0.7479736575481256
train_precision: 0.7592592592592593
train_recall: 0.7050547159979156
train_f1: 0.7311537422318293
val_loss: 0.5296388193964958
val_accuracy: 0.7507598784194529
val_precision: 0.7607655502392344
val_recall: 0.6853448275862069
val_f1: 0.7210884353741497
test_loss: 0.5507166981697083
test_accuracy: 0.728744939271255
test_precision: 0.6905311778290993
test_recall: 0.6905311778290993
test_f1: 0.6905311778290993
min_lr: 2e-05
max_lr: 0.003
total_time: 88.96398258209229
average_epoch_time: 0.8896360802650451
