train_loss: 0.485718436125252
train_accuracy: 0.7735313387202446
train_precision: 0.8055419323197646
train_recall: 0.7194480946123522
train_f1: 0.7600647848218417
val_loss: 0.4976145492659675
val_accuracy: 0.7641921397379913
val_precision: 0.797270955165692
val_recall: 0.711304347826087
val_f1: 0.7518382352941176
test_loss: 0.4868883490562439
test_accuracy: 0.7737991266375546
test_precision: 0.8033707865168539
test_recall: 0.7358490566037735
test_f1: 0.7681289167412712
min_lr: 2e-05
max_lr: 0.004
total_time: 102.24047183990479
average_epoch_time: 1.0224001336097717
