train_loss: 0.5524850012319773
train_accuracy: 0.7269503546099291
train_precision: 0.7167525773195876
train_recall: 0.7245961438249088
train_f1: 0.7206530189168179
val_loss: 0.5413155315383789
val_accuracy: 0.7274569402228976
val_precision: 0.7152317880794702
val_recall: 0.6982758620689655
val_f1: 0.7066521264994547
test_loss: 0.5559237493622687
test_accuracy: 0.7165991902834008
test_precision: 0.665943600867679
test_recall: 0.7090069284064665
test_f1: 0.6868008948545862
min_lr: 1e-05
max_lr: 0.05
total_time: 180.5287733078003
average_epoch_time: 1.8052847409248352
