train_loss: 0.04280811064609425
train_accuracy: 0.9832447306312916
train_precision: 0.9832893791023107
train_recall: 0.9832447306312916
train_f1: 0.9832586896619676
val_loss: 0.09317861544994005
val_accuracy: 0.9649747852876887
val_precision: 0.9650222195901546
val_recall: 0.9649747852876887
val_f1: 0.9649863183989309
test_loss: 0.09206561336400487
test_accuracy: 0.9648549103301092
test_precision: 0.9649302730693152
test_recall: 0.9648549103301092
test_f1: 0.96487484055438
min_lr: 7e-06
max_lr: 0.003
total_time: 4482.553386449814
average_epoch_time: 44.825518391132356
