train_loss: 5.161065101623535
train_mse: 5.161065101623535
train_mae: 1.641295075416565
train_rmse: 2.2717976570129395
train_r2: 0.9335893392562866
val_loss: 9.60486888885498
val_mse: 9.60486888885498
val_mae: 2.20802903175354
val_rmse: 3.099172353744507
val_r2: 0.7023537755012512
test_loss: 9.109428405761719
test_mse: 9.109428405761719
test_mae: 2.1257381439208984
test_rmse: 3.0181829929351807
test_r2: 0.9011751413345337
