train_loss: 25.48602867126465
train_mse: 25.48602867126465
train_mae: 3.642113447189331
train_rmse: 5.04836893081665
train_r2: 0.6904741525650024
val_loss: 23.299266815185547
val_mse: 23.299266815185547
val_mae: 3.874272346496582
val_rmse: 4.826931476593018
val_r2: 0.5601299405097961
test_loss: 37.067848205566406
test_mse: 37.067848205566406
test_mae: 4.510885238647461
test_rmse: 6.088336944580078
test_r2: 0.6765387058258057
