train_loss: 14.897879343766432
train_mse: 15.219679832458496
train_mae: 2.5648772716522217
train_rmse: 3.901240825653076
train_r2: 0.8191025853157043
val_loss: 14.510970115661621
val_mse: 15.18187141418457
val_mae: 2.8010663986206055
val_rmse: 3.8963921070098877
val_r2: 0.7492501735687256
test_loss: 19.88496732711792
test_mse: 23.756628036499023
test_mae: 2.658865213394165
test_rmse: 4.874077320098877
test_r2: 0.7762234807014465
min_lr: 0.001
max_lr: 0.2
total_time: 25.258360862731934
average_epoch_time: 0.25258024215698244
