train_loss: 0.46144688316338567
train_accuracy: 0.7931862852151125
train_precision: 0.7831708350996185
train_recall: 0.8092422251423566
train_f1: 0.7959931064196466
val_loss: 0.5129996149076356
val_accuracy: 0.748471615720524
val_precision: 0.7364085667215815
val_recall: 0.7773913043478261
val_f1: 0.7563451776649747
test_loss: 0.4897798357738389
test_accuracy: 0.7799126637554585
test_precision: 0.7781512605042017
test_recall: 0.7941680960548885
test_f1: 0.7860780984719865
min_lr: 1e-07
max_lr: 0.001
total_time: 983.1128249168396
average_epoch_time: 9.831121778488159
