train_loss: 13.284549859853891
train_mse: 13.374303817749023
train_mae: 2.3924062252044678
train_rmse: 3.6570894718170166
train_r2: 0.841036319732666
val_loss: 15.987171649932861
val_mse: 17.352752685546875
val_mae: 3.0618717670440674
val_rmse: 4.165663719177246
val_r2: 0.7133949995040894
test_loss: 15.418082475662231
test_mse: 17.547571182250977
test_mae: 2.7613961696624756
test_rmse: 4.188982009887695
test_r2: 0.8347099423408508
min_lr: 1e-06
max_lr: 0.015
total_time: 5.874624490737915
average_epoch_time: 0.05874184846878052
