train_loss: 0.2642791271209717
train_mse: 0.2642791271209717
train_mae: 0.35078415274620056
train_rmse: 0.5140808820724487
train_r2: 0.787580132484436
val_loss: 0.27027270197868347
val_mse: 0.27027270197868347
val_mae: 0.35795003175735474
val_rmse: 0.5198776125907898
val_r2: 0.775609016418457
test_loss: 0.26593732833862305
test_mse: 0.26593732833862305
test_mae: 0.3545776903629303
test_rmse: 0.5156911015510559
test_r2: 0.7977792024612427
