train_loss: 0.48585336531202
train_accuracy: 0.7735313387202446
train_precision: 0.8027210884353742
train_recall: 0.7236092860271572
train_f1: 0.7611149504722414
val_loss: 0.49686281548606026
val_accuracy: 0.7572052401746725
val_precision: 0.7928994082840237
val_recall: 0.6991304347826087
val_f1: 0.7430683918669131
test_loss: 0.48587508665190804
test_accuracy: 0.7633187772925765
test_precision: 0.793233082706767
test_recall: 0.7238421955403087
test_f1: 0.7569506726457399
min_lr: 0.001
max_lr: 0.03
total_time: 62.726112604141235
average_epoch_time: 0.6272572803497315
