train_loss: 85.48495776836688
train_mse: 85.15718841552734
train_mae: 6.462386608123779
train_rmse: 9.228065490722656
train_r2: -0.012157678604125977
val_loss: 54.635111808776855
val_mse: 60.548641204833984
val_mae: 5.785725116729736
val_rmse: 7.7813005447387695
val_r2: -4.5418739318847656e-05
test_loss: 116.16110610961914
test_mse: 114.55777740478516
test_mae: 7.850432872772217
test_rmse: 10.703166961669922
test_r2: -0.07908165454864502
min_lr: 0.001
max_lr: 0.08
total_time: 13.589900493621826
average_epoch_time: 0.1358948278427124
