train_loss: 12.033420232626108
train_mse: 12.16272258758545
train_mae: 2.3678972721099854
train_rmse: 3.4875094890594482
train_r2: 0.8554368615150452
val_loss: 14.489665031433105
val_mse: 14.561115264892578
val_mae: 2.876755952835083
val_rmse: 3.8159029483795166
val_r2: 0.7595028281211853
test_loss: 20.76894474029541
test_mse: 24.38588523864746
test_mae: 2.987447500228882
test_rmse: 4.938206672668457
test_r2: 0.7702961564064026
min_lr: 0.002
max_lr: 0.2
total_time: 11.249892473220825
average_epoch_time: 0.11249539375305176
