train_loss: 18.658530235290527
train_mse: 18.62567710876465
train_mae: 3.1728806495666504
train_rmse: 4.3157477378845215
train_r2: 0.7786197662353516
val_loss: 22.777166843414307
val_mse: 24.597373962402344
val_mae: 3.8536295890808105
val_rmse: 4.959573745727539
val_r2: 0.5937399864196777
test_loss: 27.01558494567871
test_mse: 28.282320022583008
test_mae: 3.947206974029541
test_rmse: 5.318112373352051
test_r2: 0.7335935831069946
min_lr: 0.01
max_lr: 0.2
total_time: 9.17351770401001
average_epoch_time: 0.09173302412033081
