train_loss: 0.5231073085338839
train_accuracy: 0.7430344478216818
train_precision: 0.7439978419206906
train_recall: 0.7186034392912976
train_f1: 0.7310801855533466
val_loss: 0.5257748290896416
val_accuracy: 0.7406281661600811
val_precision: 0.7363636363636363
val_recall: 0.6982758620689655
val_f1: 0.7168141592920354
test_loss: 0.540545791387558
test_accuracy: 0.7358299595141701
test_precision: 0.7009345794392523
test_recall: 0.6928406466512702
test_f1: 0.6968641114982579
min_lr: 0.0001
max_lr: 0.004
total_time: 91.03698444366455
average_epoch_time: 0.9103645443916321
