train_loss: 0.2837698459625244
train_mse: 0.2837698459625244
train_mae: 0.36550381779670715
train_rmse: 0.5327005386352539
train_r2: 0.7716895937919617
val_loss: 0.30685147643089294
val_mse: 0.30685147643089294
val_mae: 0.37289249897003174
val_rmse: 0.5539417862892151
val_r2: 0.7458151578903198
test_loss: 0.29012396931648254
test_mse: 0.29012396931648254
test_mae: 0.3741227686405182
test_rmse: 0.5386315584182739
test_r2: 0.7789710760116577
