train_loss: 0.5381390965177946
train_accuracy: 0.7335359675785208
train_precision: 0.7411012235817576
train_recall: 0.6943720687858259
train_f1: 0.7169760559591069
val_loss: 0.5398449503606365
val_accuracy: 0.7213779128672746
val_precision: 0.7202797202797203
val_recall: 0.665948275862069
val_f1: 0.6920492721164614
test_loss: 0.5577935691802732
test_accuracy: 0.7226720647773279
test_precision: 0.6888361045130641
test_recall: 0.6697459584295612
test_f1: 0.6791569086651054
min_lr: 1e-05
max_lr: 0.0005
total_time: 67.94087743759155
average_epoch_time: 0.6794037771224976
