train_loss: 0.24114300310611725
train_mse: 0.24114300310611725
train_mae: 0.3347494602203369
train_rmse: 0.4910631477832794
train_r2: 0.8042185306549072
val_loss: 0.2779952585697174
val_mse: 0.2779952585697174
val_mae: 0.35034143924713135
val_rmse: 0.5272525548934937
val_r2: 0.7672697305679321
test_loss: 0.25651460886001587
test_mse: 0.25651460886001587
test_mae: 0.34555310010910034
test_rmse: 0.5064727067947388
test_r2: 0.8046450614929199
