train_loss: 0.4811322141815146
train_accuracy: 0.7775715221664119
train_precision: 0.8292111429315282
train_recall: 0.6975470871660097
train_f1: 0.7577019150707743
val_loss: 0.4960125419828627
val_accuracy: 0.7624454148471616
val_precision: 0.8162839248434238
val_recall: 0.68
val_f1: 0.7419354838709677
test_loss: 0.4773121393389172
test_accuracy: 0.7860262008733624
test_precision: 0.8448979591836735
test_recall: 0.7101200686106347
test_f1: 0.7716682199440821
min_lr: 1e-07
max_lr: 6e-05
total_time: 110.27284789085388
average_epoch_time: 1.1027245497703553
