train_loss: 19.95308048228927
train_mse: 19.95656394958496
train_mae: 3.529069185256958
train_rmse: 4.4672770500183105
train_r2: 0.9999725504886896
val_loss: 120.56361677682945
val_mse: 120.60411071777344
val_mae: 7.427626609802246
val_rmse: 10.981989860534668
val_r2: 0.9998343768532431
test_loss: 126.56771321950225
test_mse: 126.59263610839844
test_mae: 7.446123123168945
test_rmse: 11.251338958740234
test_r2: 0.9998260904243794
min_lr: 5e-05
max_lr: 0.0005
total_time: 3915.253024339676
average_epoch_time: 39.15251306772232
