train_loss: 18.490349842951847
train_mse: 18.509281158447266
train_mae: 2.826727867126465
train_rmse: 4.302241325378418
train_r2: 0.7800031900405884
val_loss: 15.732892990112305
val_mse: 16.875381469726562
val_mae: 2.8051419258117676
val_rmse: 4.107965469360352
val_r2: 0.721279501914978
test_loss: 27.600181579589844
test_mse: 31.03350257873535
test_mae: 3.3756604194641113
test_rmse: 5.570772171020508
test_r2: 0.7076786756515503
min_lr: 0.001
max_lr: 0.2
total_time: 13.932290077209473
average_epoch_time: 0.13932068824768065
