train_loss: 0.5681225657463074
train_accuracy: 0.716312050819397
train_precision: 0.7101346850395203
train_recall: 0.6992323994636536
train_auc: 0.7764862775802612
val_loss: 0.5765865445137024
val_accuracy: 0.7061803340911865
val_precision: 0.6818687319755554
val_recall: 0.6758544445037842
val_auc: 0.7680717706680298
test_loss: 0.5674821734428406
test_accuracy: 0.7210126519203186
test_precision: 0.7236126065254211
test_recall: 0.6912682056427002
test_auc: 0.7784503698348999
