train_loss: 0.5764952898025513
train_accuracy: 0.7121327519416809
train_precision: 0.7106325626373291
train_recall: 0.6878582835197449
train_auc: 0.770620584487915
val_loss: 0.5741831660270691
val_accuracy: 0.7203647494316101
val_precision: 0.7061403393745422
val_recall: 0.693965494632721
val_auc: 0.7765296697616577
test_loss: 0.5882595777511597
test_accuracy: 0.7044534683227539
test_precision: 0.660592257976532
test_recall: 0.6697459816932678
test_auc: 0.7612175941467285
