train_loss: 0.5110878611090163
train_accuracy: 0.7809831565223565
train_precision: 0.779404706341678
train_recall: 0.7809831565223565
train_f1: 0.7764566296819145
val_loss: 0.5254477028804728
val_accuracy: 0.774668250116177
val_precision: 0.7730066633407316
val_recall: 0.774668250116177
val_f1: 0.7702179285062412
test_loss: 0.5228548386679872
test_accuracy: 0.7745000172111115
test_precision: 0.7731448436623476
test_recall: 0.7745000172111115
test_f1: 0.7698169279039351
min_lr: 1e-07
max_lr: 0.015
total_time: 1447.2226257324219
average_epoch_time: 14.472213003635407
