train_loss: 0.4420080790328647
train_accuracy: 0.8006114872242848
train_precision: 0.8274378585086042
train_recall: 0.7582128777923784
train_f1: 0.7913142857142856
val_loss: 0.49498867574665284
val_accuracy: 0.7580786026200873
val_precision: 0.7843511450381679
val_recall: 0.7147826086956521
val_f1: 0.7479526842584168
test_loss: 0.47052670766909915
test_accuracy: 0.7851528384279476
test_precision: 0.8069216757741348
test_recall: 0.7598627787307033
test_f1: 0.7826855123674913
min_lr: 5e-05
max_lr: 0.001
total_time: 314.95550417900085
average_epoch_time: 3.149548206329346
