train_loss: 0.4971931353211403
train_accuracy: 0.7708014850404018
train_precision: 0.7885380116959064
train_recall: 0.7382829610162067
train_f1: 0.7625834181653659
val_loss: 0.499304152197308
val_accuracy: 0.7668122270742358
val_precision: 0.7841328413284133
val_recall: 0.7391304347826086
val_f1: 0.7609668755595345
test_loss: 0.4786551495393117
test_accuracy: 0.7694323144104803
test_precision: 0.7894736842105263
test_recall: 0.7461406518010292
test_f1: 0.7671957671957672
min_lr: 0.0003
max_lr: 0.01
total_time: 84.79797387123108
average_epoch_time: 0.8479737877845764
