train_loss: 0.5287117604543323
train_accuracy: 0.7417679837892603
train_precision: 0.7623213764946049
train_recall: 0.6810838978634706
train_f1: 0.719416540525664
val_loss: 0.5321444734450309
val_accuracy: 0.7477203647416414
val_precision: 0.7680798004987531
val_recall: 0.6637931034482759
val_f1: 0.7121387283236994
test_loss: 0.5422498381906941
test_accuracy: 0.7236842105263158
test_precision: 0.6970443349753694
test_recall: 0.6535796766743649
test_f1: 0.6746126340882003
min_lr: 1e-07
max_lr: 0.002
total_time: 120.66788721084595
average_epoch_time: 1.2066750979423524
