train_loss: 11.391723486093374
train_mse: 11.5202054977417
train_mae: 2.5554518699645996
train_rmse: 3.3941428661346436
train_r2: 0.8630736470222473
val_loss: 22.455012798309326
val_mse: 25.11444664001465
val_mae: 4.026310920715332
val_rmse: 5.011431694030762
val_r2: 0.5851998329162598
test_loss: 20.335623741149902
test_mse: 21.106908798217773
test_mae: 3.5379765033721924
test_rmse: 4.5942254066467285
test_r2: 0.8011826276779175
min_lr: 5e-06
max_lr: 0.08
total_time: 13.540879249572754
average_epoch_time: 0.1354026174545288
