train_loss: 0.48912446573376656
train_accuracy: 0.7697095435684648
train_precision: 0.8459588848211771
train_recall: 0.6579062636881297
train_f1: 0.7401749414808426
val_loss: 0.5019104282061259
val_accuracy: 0.7589519650655022
val_precision: 0.837471783295711
val_recall: 0.6452173913043479
val_f1: 0.7288801571709232
test_loss: 0.4854611357053121
test_accuracy: 0.7746724890829695
test_precision: 0.8479657387580299
test_recall: 0.6792452830188679
test_f1: 0.7542857142857141
min_lr: 5e-05
max_lr: 0.002
total_time: 118.5279815196991
average_epoch_time: 1.1852743697166443
