train_loss: 0.5278314232584919
train_accuracy: 0.7413880445795339
train_precision: 0.7378177966101694
train_recall: 0.7258989056800417
train_f1: 0.7318098240084056
val_loss: 0.5260153316682384
val_accuracy: 0.7386018237082067
val_precision: 0.7278761061946902
val_recall: 0.709051724137931
val_f1: 0.7183406113537117
test_loss: 0.5480441335708864
test_accuracy: 0.7307692307692307
test_precision: 0.6910755148741419
test_recall: 0.6974595842956121
test_f1: 0.6942528735632184
min_lr: 0.0008
max_lr: 0.04
total_time: 80.55531859397888
average_epoch_time: 0.8055493950843811
