train_loss: 32.65129852294922
train_mse: 32.65129852294922
train_mae: 3.430459499359131
train_rmse: 5.7141313552856445
train_r2: 0.6230543255805969
val_loss: 37.04615020751953
val_mse: 37.04615020751953
val_mae: 3.8706610202789307
val_rmse: 6.086555004119873
val_r2: 0.186573326587677
test_loss: 35.3520393371582
test_mse: 35.3520393371582
test_mae: 3.66845965385437
test_rmse: 5.945757865905762
test_r2: 0.616838812828064
