train_loss: 21.94997215270996
train_mse: 21.94997215270996
train_mae: 2.6846253871917725
train_rmse: 4.685079574584961
train_r2: 0.7400330901145935
val_loss: 21.368297576904297
val_mse: 21.368297576904297
val_mae: 3.07883882522583
val_rmse: 4.622585773468018
val_r2: 0.5940716862678528
test_loss: 36.61841583251953
test_mse: 36.61841583251953
test_mae: 3.9933133125305176
test_rmse: 6.0513153076171875
test_r2: 0.6636016964912415
