train_loss: 0.4714540936805645
train_accuracy: 0.78281284123171
train_precision: 0.7993031358885018
train_recall: 0.7536136662286466
train_f1: 0.7757862698681096
val_loss: 0.49190177188979256
val_accuracy: 0.7624454148471616
val_precision: 0.7800369685767098
val_recall: 0.7339130434782609
val_f1: 0.7562724014336918
test_loss: 0.48389681842592025
test_accuracy: 0.7606986899563318
test_precision: 0.7744227353463587
test_recall: 0.7478559176672385
test_f1: 0.7609075043630017
min_lr: 2e-05
max_lr: 0.001
total_time: 303.2189838886261
average_epoch_time: 3.032185826301575
