train_loss: 0.5348731710119285
train_accuracy: 0.7355623100303952
train_precision: 0.7221940071102082
train_recall: 0.7410109431995832
train_f1: 0.7314814814814815
val_loss: 0.536169114612764
val_accuracy: 0.7406281661600811
val_precision: 0.7166666666666667
val_recall: 0.7413793103448276
val_f1: 0.7288135593220338
test_loss: 0.5534162482907695
test_accuracy: 0.7226720647773279
test_precision: 0.6747252747252748
test_recall: 0.7090069284064665
test_f1: 0.6914414414414415
min_lr: 1e-07
max_lr: 0.001
total_time: 76.89492225646973
average_epoch_time: 0.7689450955390931
