train_loss: 0.3905528213270829
train_accuracy: 0.8333014205835085
train_precision: 0.832390216276279
train_recall: 0.8333014205835085
train_f1: 0.8322250366451244
val_loss: 0.400517003979977
val_accuracy: 0.8285055334675823
val_precision: 0.8273787411944968
val_recall: 0.8285055334675823
val_f1: 0.8272151222774269
test_loss: 0.3954753085380084
test_accuracy: 0.8340848852018863
test_precision: 0.8332174872490142
test_recall: 0.8340848852018863
test_f1: 0.8328256836440433
min_lr: 3e-06
max_lr: 0.01
total_time: 1822.3750023841858
average_epoch_time: 18.22374353170395
