train_loss: 4.780976235866547
train_mse: 5.475307941436768
train_mae: 1.6592442989349365
train_rmse: 2.339937686920166
train_r2: 0.9349218010902405
val_loss: 11.842432022094727
val_mse: 11.842430114746094
val_mae: 2.3889212608337402
val_rmse: 3.4412832260131836
val_r2: 0.804405689239502
test_loss: 17.63950538635254
test_mse: 17.639503479003906
test_mae: 2.799595594406128
test_rmse: 4.1999406814575195
test_r2: 0.8338439464569092
min_lr: 1e-05
max_lr: 0.02
total_time: 2.511582374572754
average_epoch_time: 0.025113584995269774
