train_loss: 0.46249540688263047
train_accuracy: 0.7898012666521075
train_precision: 0.8221517443278848
train_recall: 0.7380639509417434
train_f1: 0.7778418926716676
val_loss: 0.489724768532647
val_accuracy: 0.7606986899563318
val_precision: 0.7866666666666666
val_recall: 0.7182608695652174
val_f1: 0.7509090909090909
test_loss: 0.48454620440800983
test_accuracy: 0.7816593886462883
test_precision: 0.8135593220338984
test_recall: 0.7409948542024014
test_f1: 0.7755834829443448
min_lr: 0.0002
max_lr: 0.008
total_time: 63.98643231391907
average_epoch_time: 0.6398591351509094
