train_loss: 15.26574420928955
train_mse: 15.26574420928955
train_mae: 2.8135874271392822
train_rmse: 3.9071402549743652
train_r2: 0.8198951482772827
val_loss: 17.54375457763672
val_mse: 17.54375457763672
val_mae: 3.174551248550415
val_rmse: 4.188526630401611
val_r2: 0.6392534971237183
test_loss: 26.1109676361084
test_mse: 26.1109676361084
test_mae: 3.2565176486968994
test_rmse: 5.109889030456543
test_r2: 0.7766196727752686
