train_loss: 0.6771553202196654
train_accuracy: 0.5582573454913881
train_precision: 0.841796875
train_recall: 0.1122980719124544
train_f1: 0.19816091954022988
val_loss: 0.6782407991347774
val_accuracy: 0.574468085106383
val_precision: 0.8333333333333334
val_recall: 0.11853448275862069
val_f1: 0.20754716981132076
test_loss: 0.6826143207088593
test_accuracy: 0.597165991902834
test_precision: 0.7397260273972602
test_recall: 0.12471131639722864
test_f1: 0.2134387351778656
min_lr: 1e-05
max_lr: 0.1
total_time: 602.3489370346069
average_epoch_time: 6.023484117984772
