train_loss: 2.9930028915405273
train_mse: 2.9973137378692627
train_mae: 1.3322092294692993
train_rmse: 1.731275200843811
train_r2: 0.9643746614456177
val_loss: 11.492632389068604
val_mse: 11.887921333312988
val_mae: 2.4097204208374023
val_rmse: 3.4478864669799805
val_r2: 0.8036543726921082
test_loss: 8.983375787734985
test_mse: 9.992613792419434
test_mae: 2.212740659713745
test_rmse: 3.161109685897827
test_r2: 0.9058741331100464
min_lr: 0.004
max_lr: 0.008
total_time: 18.304507970809937
average_epoch_time: 0.18304287433624267
