train_loss: 14.563430786132812
train_mse: 14.563430786132812
train_mae: 2.546189785003662
train_rmse: 3.816206216812134
train_r2: 0.8326631784439087
val_loss: 13.333586692810059
val_mse: 13.333586692810059
val_mae: 2.809190273284912
val_rmse: 3.6515183448791504
val_r2: 0.7154678106307983
test_loss: 20.00675392150879
test_mse: 20.00675392150879
test_mae: 2.8557820320129395
test_rmse: 4.472890853881836
test_r2: 0.832271933555603
