train_loss: 39.08098220825195
train_mse: 39.08098220825195
train_mae: 3.986227512359619
train_rmse: 6.25147819519043
train_r2: 0.5421629548072815
val_loss: 39.24705505371094
val_mse: 39.24705505371094
val_mae: 4.123088359832764
val_rmse: 6.264747142791748
val_r2: 0.11833295226097107
test_loss: 42.38302230834961
test_mse: 42.38302230834961
test_mae: 4.1357197761535645
test_rmse: 6.510224342346191
test_r2: 0.5324960947036743
