train_loss: 167.0549901681503
train_mse: 167.1209259033203
train_mae: 10.193467140197754
train_rmse: 12.927525520324707
train_r2: 0.9997701313791658
val_loss: 1568.8550157885866
val_mse: 1569.16552734375
val_mae: 25.55767822265625
val_rmse: 39.612693786621094
val_r2: 0.9978450972064813
test_loss: 1405.294963081476
test_mse: 1405.5240478515625
test_mae: 25.612049102783203
test_rmse: 37.490318298339844
test_r2: 0.9980691287642589
min_lr: 2e-05
max_lr: 6e-05
total_time: 3837.025215148926
average_epoch_time: 38.37023283720016
