train_loss: 69.99730741060696
train_mse: 69.42191314697266
train_mae: 5.934713363647461
train_rmse: 8.331981658935547
train_r2: 0.17486810684204102
val_loss: 42.44927215576172
val_mse: 47.29204177856445
val_mae: 5.154134750366211
val_rmse: 6.8769211769104
val_r2: 0.21890586614608765
test_loss: 98.46680450439453
test_mse: 100.01148223876953
test_mae: 7.330902576446533
test_rmse: 10.000574111938477
test_r2: 0.057937800884246826
min_lr: 0.05
max_lr: 0.2
total_time: 9.823558330535889
average_epoch_time: 0.09823336601257324
