train_loss: 4.96496136371906
train_mse: 5.009100437164307
train_mae: 1.6493394374847412
train_rmse: 2.2381019592285156
train_r2: 0.9404630661010742
val_loss: 15.247628688812256
val_mse: 16.339183807373047
val_mae: 2.904313325881958
val_rmse: 4.042175769805908
val_r2: 0.7301355600357056
test_loss: 10.116908073425293
test_mse: 11.16254711151123
test_mae: 2.5202250480651855
test_rmse: 3.3410398960113525
test_r2: 0.894853949546814
min_lr: 0.0001
max_lr: 0.002
total_time: 41.55651068687439
average_epoch_time: 0.41556013584136964
