train_loss: 56.528784825251655
train_mse: 57.59651565551758
train_mae: 4.9750165939331055
train_rmse: 7.589236736297607
train_r2: 0.3154218792915344
val_loss: 36.1679105758667
val_mse: 39.70805740356445
val_mae: 4.765052318572998
val_rmse: 6.301433086395264
val_r2: 0.3441659212112427
test_loss: 86.46578216552734
test_mse: 87.54778289794922
test_mae: 6.519320011138916
test_rmse: 9.356697082519531
test_r2: 0.17534011602401733
min_lr: 1e-05
max_lr: 0.02
total_time: 3.3769490718841553
average_epoch_time: 0.03376750707626343
