train_loss: 0.2579345405101776
train_mse: 0.2579345405101776
train_mae: 0.35192984342575073
train_rmse: 0.5078725814819336
train_r2: 0.7920182347297668
val_loss: 0.27023276686668396
val_mse: 0.27023276686668396
val_mae: 0.3569943904876709
val_rmse: 0.5198391675949097
val_r2: 0.7754914164543152
test_loss: 0.2616351842880249
test_mse: 0.2616351842880249
test_mae: 0.35570740699768066
test_rmse: 0.5115028619766235
test_r2: 0.7994582056999207
