train_loss: 6.257739653954139
train_mse: 6.262582302093506
train_mae: 1.8191362619400024
train_rmse: 2.5025150775909424
train_r2: 0.9255644679069519
val_loss: 14.438317775726318
val_mse: 15.563398361206055
val_mae: 2.805007219314575
val_rmse: 3.945047378540039
val_r2: 0.7429487109184265
test_loss: 20.171565055847168
test_mse: 22.644887924194336
test_mae: 3.076296329498291
test_rmse: 4.758664608001709
test_r2: 0.7866955399513245
min_lr: 0.002
max_lr: 0.005
total_time: 19.16549587249756
average_epoch_time: 0.1916525149345398
