train_loss: 7.660290277921236
train_mse: 7.651025295257568
train_mae: 1.8549200296401978
train_rmse: 2.7660486698150635
train_r2: 0.9090617895126343
val_loss: 13.510011196136475
val_mse: 13.929618835449219
val_mae: 2.731346607208252
val_rmse: 3.7322404384613037
val_r2: 0.7699328660964966
test_loss: 12.583115339279175
test_mse: 14.490220069885254
test_mae: 2.319415330886841
test_rmse: 3.8066022396087646
test_r2: 0.8635088205337524
min_lr: 2e-05
max_lr: 0.001
total_time: 4.046641111373901
average_epoch_time: 0.040462794303894045
