train_loss: 0.1351124901962487
train_accuracy: 0.9477634899496352
train_precision: 0.9476766036323723
train_recall: 0.9477634899496352
train_f1: 0.9476739916181455
val_loss: 0.16944924336632444
val_accuracy: 0.9342007882824737
val_precision: 0.9340653015813288
val_recall: 0.9342007882824737
val_f1: 0.9340764545512455
test_loss: 0.16627351071537855
test_accuracy: 0.9359574541323878
test_precision: 0.9358437775342962
test_recall: 0.9359574541323878
test_f1: 0.9358158551656964
min_lr: 1e-05
max_lr: 0.01
total_time: 3408.678313970566
average_epoch_time: 34.08676880598068
