train_loss: 0.4178669663983355
train_accuracy: 0.8217951517798646
train_precision: 0.8476303317535545
train_recall: 0.7833990363556723
train_f1: 0.8142499430912815
val_loss: 0.5084090009331703
val_accuracy: 0.7641921397379913
val_precision: 0.7839851024208566
val_recall: 0.7321739130434782
val_f1: 0.7571942446043166
test_loss: 0.4904975626203749
test_accuracy: 0.7807860262008733
test_precision: 0.8029197080291971
test_recall: 0.7547169811320755
test_f1: 0.7780725022104333
min_lr: 0.0001
max_lr: 0.0007
total_time: 472.9035978317261
average_epoch_time: 4.729032108783722
