train_loss: 6.712274569731492
train_mse: 6.83519172668457
train_mae: 1.8208328485488892
train_rmse: 2.614419937133789
train_r2: 0.9187585711479187
val_loss: 14.275765895843506
val_mse: 14.665592193603516
val_mae: 2.6619536876678467
val_rmse: 3.8295681476593018
val_r2: 0.757777214050293
test_loss: 11.95436978340149
test_mse: 13.276361465454102
test_mae: 2.4648098945617676
test_rmse: 3.64367413520813
test_r2: 0.8749427795410156
min_lr: 5e-05
max_lr: 0.001
total_time: 10.600858688354492
average_epoch_time: 0.10600513696670533
