train_loss: 0.5306094942787881
train_accuracy: 0.7417679837892603
train_precision: 0.7629348143817597
train_recall: 0.6800416883793643
train_f1: 0.7191073150571704
val_loss: 0.5425807920194441
val_accuracy: 0.7315096251266464
val_precision: 0.7432762836185819
val_recall: 0.6551724137931034
val_f1: 0.6964490263459335
test_loss: 0.5518274249569062
test_accuracy: 0.728744939271255
test_precision: 0.7037037037037037
test_recall: 0.6581986143187067
test_f1: 0.6801909307875895
min_lr: 0.0001
max_lr: 0.0008
total_time: 209.28952431678772
average_epoch_time: 2.0928910160064698
