train_loss: 0.56415998272085
train_accuracy: 0.7142857142857143
train_precision: 0.714945652173913
train_recall: 0.6855132881709224
train_f1: 0.6999201915403033
val_loss: 0.5667677569773889
val_accuracy: 0.7112462006079028
val_precision: 0.7048054919908466
val_recall: 0.6637931034482759
val_f1: 0.683684794672586
test_loss: 0.5836207001439987
test_accuracy: 0.7034412955465587
test_precision: 0.6605504587155964
test_recall: 0.6651270207852193
test_f1: 0.6628308400460299
min_lr: 0.0001
max_lr: 0.002
total_time: 83.4284987449646
average_epoch_time: 0.8342803001403809
