train_loss: 4.11493653517503
train_mse: 4.176459312438965
train_mae: 1.467941403388977
train_rmse: 2.0436387062072754
train_r2: 0.9503596425056458
val_loss: 12.368218898773193
val_mse: 12.89743709564209
val_mae: 2.543104648590088
val_rmse: 3.5913002490997314
val_r2: 0.7869808077812195
test_loss: 9.414330244064331
test_mse: 10.305336952209473
test_mae: 2.218611240386963
test_rmse: 3.2101926803588867
test_r2: 0.9029284715652466
min_lr: 5e-05
max_lr: 0.002
total_time: 18.042299270629883
average_epoch_time: 0.18042077064514161
