train_loss: 0.2658058702945709
train_mse: 0.2658058702945709
train_mae: 0.3535318374633789
train_rmse: 0.5155636668205261
train_r2: 0.7859959602355957
val_loss: 0.2875790596008301
val_mse: 0.2875790596008301
val_mae: 0.3637830913066864
val_rmse: 0.5362640023231506
val_r2: 0.7586930394172668
test_loss: 0.2695111930370331
test_mse: 0.2695111930370331
test_mae: 0.35820209980010986
test_rmse: 0.5191446542739868
test_r2: 0.7946789264678955
