train_loss: 0.31304991000746313
train_accuracy: 0.873367340133259
train_precision: 0.8729478224805819
train_recall: 0.873367340133259
train_f1: 0.872242733520689
val_loss: 0.32936552130834645
val_accuracy: 0.866491110307912
val_precision: 0.8658709121553678
val_recall: 0.866491110307912
val_f1: 0.8652011750196005
test_loss: 0.3234829487123153
test_accuracy: 0.868868541530412
test_precision: 0.8685847587926484
test_recall: 0.868868541530412
test_f1: 0.8676731262677299
min_lr: 1e-06
max_lr: 0.007
total_time: 1754.6239125728607
average_epoch_time: 17.546232795715333
