train_loss: 28.05225516545591
train_mse: 28.068349838256836
train_mae: 4.158161163330078
train_rmse: 5.297956943511963
train_r2: 0.9999613930331317
val_loss: 675.867327849877
val_mse: 676.0834350585938
val_mae: 18.646228790283203
val_rmse: 26.001604080200195
val_r2: 0.9990715484702793
test_loss: 696.2139100980032
test_mse: 696.2898559570312
test_mae: 18.710859298706055
test_rmse: 26.387304306030273
test_r2: 0.9990434556940261
min_lr: 7e-06
max_lr: 0.006
total_time: 1812.9521028995514
average_epoch_time: 18.12949307203293
