train_loss: 24.52898406982422
train_mse: 25.00146484375
train_mae: 3.3241798877716064
train_rmse: 5.000146389007568
train_r2: 0.702838659286499
val_loss: 17.98064422607422
val_mse: 18.21333885192871
val_mae: 3.255293369293213
val_rmse: 4.267708778381348
val_r2: 0.6991812586784363
test_loss: 37.96450662612915
test_mse: 44.77207946777344
test_mae: 3.8708555698394775
test_rmse: 6.6911940574646
test_r2: 0.5782675743103027
min_lr: 0.0002
max_lr: 0.02
total_time: 13.849040746688843
average_epoch_time: 0.13848833084106446
