train_loss: 0.523600230453468
train_accuracy: 0.7473404255319149
train_precision: 0.7455369038102851
train_recall: 0.7290255341323606
train_f1: 0.7371887761823211
val_loss: 0.5253700662043786
val_accuracy: 0.7497467071935157
val_precision: 0.7384615384615385
val_recall: 0.7241379310344828
val_f1: 0.7312295973884657
test_loss: 0.5540311807586301
test_accuracy: 0.7236842105263158
test_precision: 0.6739130434782609
test_recall: 0.7159353348729792
test_f1: 0.6942889137737962
min_lr: 2e-05
max_lr: 0.003
total_time: 272.8424143791199
average_epoch_time: 2.7284207153320312
