train_loss: 626.6862640380859
train_mse: 561.20751953125
train_mae: 21.842004776000977
train_rmse: 23.6898193359375
train_r2: -5.670375823974609
val_loss: 496.6473388671875
val_mse: 496.64727783203125
val_mae: 20.883041381835938
val_rmse: 22.285585403442383
val_r2: -7.202824592590332
test_loss: 669.1868896484375
test_mse: 669.1868896484375
test_mae: 23.728139877319336
test_rmse: 25.8686466217041
test_r2: -5.303432941436768
min_lr: 1e-07
max_lr: 0.002
total_time: 2.5863304138183594
average_epoch_time: 0.02586055040359497
