train_loss: 14.898596140054556
train_mse: 13.806879043579102
train_mae: 2.6210272312164307
train_rmse: 3.7157609462738037
train_r2: 0.8358948230743408
val_loss: 14.365384578704834
val_mse: 14.931994438171387
val_mae: 3.007688522338867
val_rmse: 3.864193916320801
val_r2: 0.7533771991729736
test_loss: 17.62293815612793
test_mse: 20.193933486938477
test_mae: 2.909367322921753
test_rmse: 4.4937663078308105
test_r2: 0.8097823858261108
min_lr: 5e-05
max_lr: 0.1
total_time: 4.954740285873413
average_epoch_time: 0.049545252323150636
