train_loss: 0.4746361899251306
train_accuracy: 0.7808473465822232
train_precision: 0.8001407459535539
train_recall: 0.7470433639947438
train_f1: 0.7726809378185525
val_loss: 0.4919489133689139
val_accuracy: 0.7694323144104803
val_precision: 0.7874306839186691
val_recall: 0.7408695652173913
val_f1: 0.7634408602150539
test_loss: 0.48335667534006965
test_accuracy: 0.7755458515283843
test_precision: 0.7952898550724637
test_recall: 0.7530017152658662
test_f1: 0.773568281938326
min_lr: 1e-07
max_lr: 0.00015
total_time: 88.390554189682
average_epoch_time: 0.88390123128891
