train_loss: 5.731522083282471
train_mse: 5.731522083282471
train_mae: 1.6907680034637451
train_rmse: 2.394059658050537
train_r2: 0.9286854267120361
val_loss: 10.79594898223877
val_mse: 10.795947074890137
val_mae: 2.5584447383880615
val_rmse: 3.2857186794281006
val_r2: 0.7447680830955505
test_loss: 17.391143798828125
test_mse: 17.391143798828125
test_mae: 2.642568588256836
test_rmse: 4.170269012451172
test_r2: 0.8463897705078125
