train_loss: 2.8869047348315897
train_mse: 2.8840603828430176
train_mae: 1.333073377609253
train_rmse: 1.6982522010803223
train_r2: 0.9657207727432251
val_loss: 10.318716049194336
val_mse: 10.109468460083008
val_mae: 2.3388962745666504
val_rmse: 3.1795389652252197
val_r2: 0.8330280184745789
test_loss: 11.74258041381836
test_mse: 12.712409973144531
test_mae: 2.513780117034912
test_rmse: 3.565446615219116
test_r2: 0.8802549242973328
min_lr: 0.01
max_lr: 0.05
total_time: 8.359538078308105
average_epoch_time: 0.0835930871963501
