train_loss: 0.51742796726555
train_accuracy: 0.7467071935157041
train_precision: 0.7420969441517387
train_recall: 0.7339760291818656
train_f1: 0.7380141472360493
val_loss: 0.5284473588389735
val_accuracy: 0.7446808510638298
val_precision: 0.728448275862069
val_recall: 0.728448275862069
val_f1: 0.728448275862069
test_loss: 0.5726785659790039
test_accuracy: 0.7246963562753036
test_precision: 0.680089485458613
test_recall: 0.7020785219399538
test_f1: 0.6909090909090909
min_lr: 1e-06
max_lr: 0.008
total_time: 91.48047280311584
average_epoch_time: 0.9148009729385376
