train_loss: 0.5005482786208495
train_accuracy: 0.7634854771784232
train_precision: 0.7857142857142857
train_recall: 0.7227332457293035
train_f1: 0.7529089664613279
val_loss: 0.5427679303619597
val_accuracy: 0.7397379912663755
val_precision: 0.7628083491461101
val_recall: 0.6991304347826087
val_f1: 0.7295825771324864
test_loss: 0.5228341826134257
test_accuracy: 0.759825327510917
test_precision: 0.7759856630824373
test_recall: 0.7427101200686106
test_f1: 0.7589833479404032
min_lr: 1e-07
max_lr: 1e-05
total_time: 282.35248470306396
average_epoch_time: 2.8235190081596375
