train_loss: 0.5345553187464895
train_accuracy: 0.7367021276595744
train_precision: 0.7426206896551724
train_recall: 0.7014069828035435
train_f1: 0.7214257001205949
val_loss: 0.5335592656366287
val_accuracy: 0.7355623100303952
val_precision: 0.7399527186761229
val_recall: 0.6745689655172413
val_f1: 0.705749718151071
test_loss: 0.5459483785013999
test_accuracy: 0.7145748987854251
test_precision: 0.674364896073903
test_recall: 0.674364896073903
test_f1: 0.674364896073903
min_lr: 0.0002
max_lr: 0.001
total_time: 208.35751032829285
average_epoch_time: 2.0835706901550295
