train_loss: 0.08620322443901804
train_accuracy: 0.9660376627819168
train_precision: 0.9660174896630273
train_recall: 0.9660376627819168
train_f1: 0.9659930054929547
val_loss: 0.13245466197245973
val_accuracy: 0.9506204712483434
val_precision: 0.9505571202017067
val_recall: 0.9506204712483434
val_f1: 0.9505455888243989
test_loss: 0.12839311458958141
test_accuracy: 0.9514646655881037
test_precision: 0.9514235187248364
test_recall: 0.9514646655881037
test_f1: 0.9513879430284309
min_lr: 5e-05
max_lr: 0.01
total_time: 3548.4486875534058
average_epoch_time: 35.48447935819626
