train_loss: 7.598056316375732
train_mse: 7.598056316375732
train_mae: 1.824872612953186
train_rmse: 2.7564570903778076
train_r2: 0.9088490009307861
val_loss: 11.360095024108887
val_mse: 11.360095024108887
val_mae: 2.708515167236328
val_rmse: 3.370474100112915
val_r2: 0.7465232610702515
test_loss: 24.706254959106445
test_mse: 24.706254959106445
test_mae: 3.210719585418701
test_rmse: 4.97053861618042
test_r2: 0.7902393341064453
