train_loss: 0.5332204448221453
train_accuracy: 0.7509281502511466
train_precision: 0.7885829754988634
train_recall: 0.6837494524748139
train_f1: 0.732434017595308
val_loss: 0.5358103770348761
val_accuracy: 0.7397379912663755
val_precision: 0.7775551102204409
val_recall: 0.6747826086956522
val_f1: 0.7225325884543762
test_loss: 0.516676245464219
test_accuracy: 0.7563318777292577
test_precision: 0.7957198443579766
test_recall: 0.7015437392795884
test_f1: 0.7456700091157702
min_lr: 0.005
max_lr: 0.1
total_time: 117.88248252868652
average_epoch_time: 1.1788209176063538
