train_loss: 0.5338809037739448
train_accuracy: 0.7351823708206687
train_precision: 0.7353812988412827
train_recall: 0.7110474205315268
train_f1: 0.7230096701549874
val_loss: 0.5465518265001236
val_accuracy: 0.7345491388044579
val_precision: 0.7244444444444444
val_recall: 0.7025862068965517
val_f1: 0.7133479212253829
test_loss: 0.5565470418622417
test_accuracy: 0.7165991902834008
test_precision: 0.6742596810933941
test_recall: 0.6836027713625866
test_f1: 0.6788990825688074
min_lr: 1e-07
max_lr: 0.0002
total_time: 95.70140361785889
average_epoch_time: 0.9570094609260559
