train_loss: 693.3755822738415
train_mse: 693.5184936523438
train_mae: 20.455610275268555
train_rmse: 26.334739685058594
train_r2: 0.9990460872650146
val_loss: 4434.7236780466765
val_mse: 4430.18408203125
val_mae: 42.07154083251953
val_rmse: 66.55963134765625
val_r2: 0.9939160943031311
test_loss: 4222.942132475412
test_mse: 4223.2861328125
test_mae: 42.028076171875
test_rmse: 64.98681640625
test_r2: 0.9941981434822083
min_lr: 2e-05
max_lr: 0.002
total_time: 5204.0492396354675
average_epoch_time: 52.04047121047974
