train_loss: 0.5504662287138734
train_accuracy: 0.7325227963525835
train_precision: 0.7188133874239351
train_recall: 0.7386659718603439
train_f1: 0.7286044718581342
val_loss: 0.5429651343053387
val_accuracy: 0.7335359675785208
val_precision: 0.7142857142857143
val_recall: 0.7219827586206896
val_f1: 0.7181136120042872
test_loss: 0.559475245975679
test_accuracy: 0.7196356275303644
test_precision: 0.6645569620253164
test_recall: 0.7274826789838337
test_f1: 0.6945975744211687
min_lr: 0.0002
max_lr: 0.002
total_time: 187.67253255844116
average_epoch_time: 1.876721818447113
