train_loss: 0.5620703314721343
train_accuracy: 0.7163120567375887
train_precision: 0.7136363636363636
train_recall: 0.6954142782699323
train_f1: 0.7044074953813672
val_loss: 0.5620135376530309
val_accuracy: 0.723404255319149
val_precision: 0.7098901098901099
val_recall: 0.6961206896551724
val_f1: 0.7029379760609358
test_loss: 0.5693084039995747
test_accuracy: 0.6963562753036437
test_precision: 0.6514806378132119
test_recall: 0.6605080831408776
test_f1: 0.6559633027522935
min_lr: 1e-07
max_lr: 1e-05
total_time: 85.53084015846252
average_epoch_time: 0.8553036594390869
