train_loss: 62.975021655742935
train_mse: 63.31763458251953
train_mae: 5.553771495819092
train_rmse: 7.957237720489502
train_r2: 0.24742203950881958
val_loss: 37.27158164978027
val_mse: 40.93436813354492
val_mae: 4.9510602951049805
val_rmse: 6.3979973793029785
val_r2: 0.3239116668701172
test_loss: 95.49147033691406
test_mse: 98.2912826538086
test_mae: 7.37205171585083
test_rmse: 9.914196014404297
test_r2: 0.07414126396179199
min_lr: 0.001
max_lr: 0.2
total_time: 9.292364597320557
average_epoch_time: 0.0929213833808899
