train_loss: 1.4620963335037231
train_mse: 1.4677133560180664
train_mae: 0.9441460371017456
train_rmse: 1.2114921808242798
train_r2: 0.982555091381073
val_loss: 10.566766738891602
val_mse: 10.306559562683105
val_mae: 2.4081623554229736
val_rmse: 3.210383176803589
val_r2: 0.8297727704048157
test_loss: 12.016165256500244
test_mse: 12.442889213562012
test_mae: 2.431410789489746
test_rmse: 3.5274479389190674
test_r2: 0.8827937245368958
min_lr: 1e-05
max_lr: 0.006
total_time: 6.543932199478149
average_epoch_time: 0.06543509960174561
