train_loss: 0.2755826886759718
train_accuracy: 0.8850452551478134
train_precision: 0.8848505584403004
train_recall: 0.8850452551478134
train_f1: 0.8848073065742623
val_loss: 0.3023074050700612
val_accuracy: 0.872411834563949
val_precision: 0.8721714023816824
val_recall: 0.872411834563949
val_f1: 0.8721552904942026
test_loss: 0.30410497599498815
test_accuracy: 0.8721558638256859
test_precision: 0.8718892898188149
test_recall: 0.8721558638256859
test_f1: 0.8718646996396178
min_lr: 1e-05
max_lr: 0.001
total_time: 2957.8815054893494
average_epoch_time: 29.578802475929262
