train_loss: 12.236766741825985
train_mse: 12.176459312438965
train_mae: 2.3562772274017334
train_rmse: 3.489478349685669
train_r2: 0.8552736043930054
val_loss: 14.659784317016602
val_mse: 14.54975700378418
val_mae: 2.9172496795654297
val_rmse: 3.8144142627716064
val_r2: 0.7596904039382935
test_loss: 20.836309909820557
test_mse: 24.24459457397461
test_mae: 2.9051551818847656
test_rmse: 4.923880100250244
test_r2: 0.7716270685195923
min_lr: 0.003
max_lr: 0.1
total_time: 16.221949815750122
average_epoch_time: 0.16221678972244263
