train_loss: 0.6930926531449427
train_accuracy: 0.502620659532649
train_precision: 0.5006039310420556
train_recall: 0.998466929478756
train_f1: 0.6668616982374022
val_loss: 0.693115696310997
val_accuracy: 0.5056768558951965
val_precision: 0.5039439088518843
val_recall: 1.0
val_f1: 0.6701631701631702
test_loss: 0.6930657509300444
test_accuracy: 0.5100436681222708
test_precision: 0.5096491228070176
test_recall: 0.9965694682675815
test_f1: 0.6744051073708648
min_lr: 1e-07
max_lr: 1e-06
total_time: 94.83865594863892
average_epoch_time: 0.9483806824684143
