train_loss: 0.5358649943521631
train_accuracy: 0.7372087132725431
train_precision: 0.7449291469852737
train_recall: 0.6985409067222512
train_f1: 0.7209896463627807
val_loss: 0.5335410487267279
val_accuracy: 0.7426545086119554
val_precision: 0.7536231884057971
val_recall: 0.6724137931034483
val_f1: 0.7107061503416856
test_loss: 0.5514875640792232
test_accuracy: 0.7267206477732794
test_precision: 0.6935866983372921
test_recall: 0.674364896073903
test_f1: 0.6838407494145199
min_lr: 0.0002
max_lr: 0.002
total_time: 177.8734006881714
average_epoch_time: 1.7787293100357056
