train_loss: 0.5342360480177787
train_accuracy: 0.7386018237082067
train_precision: 0.7534285714285714
train_recall: 0.6870766023970818
train_f1: 0.7187244480784954
val_loss: 0.5338563621044159
val_accuracy: 0.7436676798378926
val_precision: 0.7554479418886199
val_recall: 0.6724137931034483
val_f1: 0.7115165336374002
test_loss: 0.5460125207901001
test_accuracy: 0.728744939271255
test_precision: 0.7037037037037037
test_recall: 0.6581986143187067
test_f1: 0.6801909307875895
min_lr: 5e-05
max_lr: 0.004
total_time: 95.02401304244995
average_epoch_time: 0.950235185623169
