train_loss: 0.5316517160784814
train_accuracy: 0.7384751773049646
train_precision: 0.7562879444926279
train_recall: 0.6816050026055237
train_f1: 0.717006989173633
val_loss: 0.5318257287144661
val_accuracy: 0.745694022289767
val_precision: 0.7616707616707616
val_recall: 0.6681034482758621
val_f1: 0.711825487944891
test_loss: 0.5561292693018913
test_accuracy: 0.7186234817813765
test_precision: 0.6942355889724311
test_recall: 0.6397228637413395
test_f1: 0.6658653846153846
min_lr: 5e-05
max_lr: 0.002
total_time: 91.97593545913696
average_epoch_time: 0.9197543358802795
