train_loss: 0.5377052764178287
train_accuracy: 0.7348024316109423
train_precision: 0.7599880739415623
train_recall: 0.664147993746743
train_f1: 0.7088431590656284
val_loss: 0.538004090709071
val_accuracy: 0.7304964539007093
val_precision: 0.7525510204081632
val_recall: 0.6357758620689655
val_f1: 0.6892523364485982
test_loss: 0.555057292984378
test_accuracy: 0.7267206477732794
test_precision: 0.7052896725440806
test_recall: 0.6466512702078522
test_f1: 0.6746987951807228
min_lr: 1e-06
max_lr: 0.01
total_time: 83.38890051841736
average_epoch_time: 0.833885600566864
