train_loss: 0.547731757525973
train_accuracy: 0.7312563323201621
train_precision: 0.7225103734439834
train_recall: 0.7258989056800417
train_f1: 0.7242006758513128
val_loss: 0.5391053432418454
val_accuracy: 0.7203647416413373
val_precision: 0.7052401746724891
val_recall: 0.6961206896551724
val_f1: 0.7006507592190889
test_loss: 0.5612203373062995
test_accuracy: 0.7135627530364372
test_precision: 0.6651982378854625
test_recall: 0.6974595842956121
test_f1: 0.6809470124013529
min_lr: 2e-06
max_lr: 0.002
total_time: 87.46388483047485
average_epoch_time: 0.8746342444419861
