train_loss: 0.2568512008595178
train_accuracy: 0.9006538169441641
train_precision: 0.9015613308980888
train_recall: 0.9006538169441641
train_f1: 0.9001407464558142
val_loss: 0.26556898965315673
val_accuracy: 0.8964045369270752
val_precision: 0.8972870559865651
val_recall: 0.8964045369270752
val_f1: 0.8957273118353186
test_loss: 0.2663352600081377
test_accuracy: 0.896096519913256
test_precision: 0.8970863322891114
test_recall: 0.896096519913256
test_f1: 0.8954737430550772
min_lr: 3e-05
max_lr: 0.01
total_time: 5459.877775192261
average_epoch_time: 54.598763308525086
