train_loss: 0.5164807656916176
train_accuracy: 0.7626119240008735
train_precision: 0.7782689623080502
train_recall: 0.7325886990801577
train_f1: 0.7547382671480144
val_loss: 0.5236004905568229
val_accuracy: 0.7528384279475983
val_precision: 0.7818532818532818
val_recall: 0.7043478260869566
val_f1: 0.7410795974382434
test_loss: 0.5073766443464491
test_accuracy: 0.7615720524017467
test_precision: 0.7787769784172662
test_recall: 0.7427101200686106
test_f1: 0.7603160667251976
min_lr: 0.01
max_lr: 0.03
total_time: 104.8021547794342
average_epoch_time: 1.0480188632011413
