train_loss: 0.5290389879029772
train_accuracy: 0.742274569402229
train_precision: 0.7533014891823546
train_recall: 0.6985409067222512
train_f1: 0.7248884682979586
val_loss: 0.5329886242266624
val_accuracy: 0.7365754812563323
val_precision: 0.7428571428571429
val_recall: 0.6724137931034483
val_f1: 0.7058823529411765
test_loss: 0.5491907250496649
test_accuracy: 0.728744939271255
test_precision: 0.6950354609929078
test_recall: 0.6789838337182448
test_f1: 0.6869158878504673
min_lr: 1e-06
max_lr: 0.0004
total_time: 90.36323952674866
average_epoch_time: 0.9036286497116088
