train_loss: 0.6931761978810672
train_accuracy: 0.49858047608648176
train_precision: 0.49858047608648176
train_recall: 1.0
train_f1: 0.6654036723987176
val_loss: 0.6931318210230933
val_accuracy: 0.5021834061135371
val_precision: 0.5021834061135371
val_recall: 1.0
val_f1: 0.6686046511627907
test_loss: 0.693043213751581
test_accuracy: 0.509170305676856
test_precision: 0.509170305676856
test_recall: 1.0
test_f1: 0.6747685185185186
min_lr: 1e-07
max_lr: 0.02
total_time: 77.92267894744873
average_epoch_time: 0.7792207741737366
