train_loss: 7.116755778972919
train_mse: 7.068348407745361
train_mae: 1.8894002437591553
train_rmse: 2.6586365699768066
train_r2: 0.9159873127937317
val_loss: 14.993485450744629
val_mse: 15.53922176361084
val_mae: 2.969987392425537
val_rmse: 3.9419820308685303
val_r2: 0.7433480024337769
test_loss: 13.549377202987671
test_mse: 15.077795028686523
test_mae: 2.747563600540161
test_rmse: 3.8830137252807617
test_r2: 0.857974112033844
min_lr: 0.001
max_lr: 0.02
total_time: 32.21043920516968
average_epoch_time: 0.32210036993026736
