train_loss: 0.5442137285586326
train_accuracy: 0.7274569402228976
train_precision: 0.7335180055401662
train_recall: 0.6899426784783742
train_f1: 0.7110633727175081
val_loss: 0.5426346361637115
val_accuracy: 0.729483282674772
val_precision: 0.7296037296037297
val_recall: 0.6745689655172413
val_f1: 0.7010078387458006
test_loss: 0.545983575284481
test_accuracy: 0.7267206477732794
test_precision: 0.7002457002457002
test_recall: 0.6581986143187067
test_f1: 0.6785714285714286
min_lr: 0.0004
max_lr: 0.07
total_time: 423.85256791114807
average_epoch_time: 4.238520824909211
