train_loss: 0.4952332930905478
train_accuracy: 0.7724393972483075
train_precision: 0.813859382903389
train_recall: 0.7047744196233027
train_f1: 0.7553990610328638
val_loss: 0.509808267156283
val_accuracy: 0.7502183406113537
val_precision: 0.7967145790554415
val_recall: 0.6747826086956522
val_f1: 0.7306967984934086
test_loss: 0.49899614188406205
test_accuracy: 0.7720524017467248
test_precision: 0.8096153846153846
test_recall: 0.7221269296740995
test_f1: 0.7633726201269265
min_lr: 1e-05
max_lr: 0.001
total_time: 88.75688147544861
average_epoch_time: 0.8875651335716248
