train_loss: 0.24285708367824554
train_mse: 0.24285708367824554
train_mae: 0.3389338552951813
train_rmse: 0.4928053319454193
train_r2: 0.8039750456809998
val_loss: 0.2687935531139374
val_mse: 0.2687935531139374
val_mae: 0.3523407578468323
val_rmse: 0.518453061580658
val_r2: 0.7751625180244446
test_loss: 0.25836417078971863
test_mse: 0.25836417078971863
test_mae: 0.3514537215232849
test_rmse: 0.5082953572273254
test_r2: 0.8035687208175659
