train_loss: 0.5235060189039477
train_accuracy: 0.7450607902735562
train_precision: 0.7472229748035762
train_recall: 0.7186034392912976
train_f1: 0.7326338159118077
val_loss: 0.5283558368682861
val_accuracy: 0.7548125633232016
val_precision: 0.7522727272727273
val_recall: 0.7133620689655172
val_f1: 0.7323008849557522
test_loss: 0.5475227311253548
test_accuracy: 0.7307692307692307
test_precision: 0.6928406466512702
test_recall: 0.6928406466512702
test_f1: 0.6928406466512702
min_lr: 0.0002
max_lr: 0.04
total_time: 63.449169635772705
average_epoch_time: 0.6344868326187134
