train_loss: 0.05806077560199638
train_accuracy: 0.979049459025105
train_precision: 0.9790433573357821
train_recall: 0.979049459025105
train_f1: 0.9790172094626359
val_loss: 0.15659665068947928
val_accuracy: 0.9460766596099895
val_precision: 0.9459581461911012
val_recall: 0.9460766596099895
val_f1: 0.9458976551974408
test_loss: 0.1597012367903661
test_accuracy: 0.945096554335479
test_precision: 0.9450071373716714
test_recall: 0.945096554335479
test_f1: 0.9449194076123166
min_lr: 1e-07
max_lr: 0.0005
total_time: 2616.064571619034
average_epoch_time: 26.160627872943877
