train_loss: 0.6930445102449078
train_accuracy: 0.5025114653854553
train_precision: 0.5005495713343592
train_recall: 0.9973718791064389
train_f1: 0.6665690866510539
val_loss: 0.6930660009384155
val_accuracy: 0.5056768558951965
val_precision: 0.5039439088518843
val_recall: 1.0
val_f1: 0.6701631701631702
test_loss: 0.6929764383369021
test_accuracy: 0.5100436681222708
test_precision: 0.5096491228070176
test_recall: 0.9965694682675815
test_f1: 0.6744051073708648
min_lr: 1e-07
max_lr: 1e-06
total_time: 112.92559933662415
average_epoch_time: 1.1292520928382874
