train_loss: 0.5253570632588479
train_accuracy: 0.7444275582573455
train_precision: 0.7412513255567338
train_recall: 0.7285044293903075
train_f1: 0.7348226018396846
val_loss: 0.5352996587753296
val_accuracy: 0.745694022289767
val_precision: 0.7371937639198218
val_recall: 0.7133620689655172
val_f1: 0.7250821467688937
test_loss: 0.5530532523989677
test_accuracy: 0.7226720647773279
test_precision: 0.6747252747252748
test_recall: 0.7090069284064665
test_f1: 0.6914414414414415
min_lr: 1e-05
max_lr: 0.004
total_time: 103.56786322593689
average_epoch_time: 1.0356750226020812
