train_loss: 11.104034460507906
train_mse: 11.213399887084961
train_mae: 2.3179562091827393
train_rmse: 3.3486413955688477
train_r2: 0.8667202591896057
val_loss: 13.24317741394043
val_mse: 13.820844650268555
val_mae: 2.7707457542419434
val_rmse: 3.717639684677124
val_r2: 0.7717294096946716
test_loss: 17.175545692443848
test_mse: 20.250843048095703
test_mae: 2.6795709133148193
test_rmse: 4.500093460083008
test_r2: 0.8092463612556458
min_lr: 1e-05
max_lr: 0.01
total_time: 4.897756338119507
average_epoch_time: 0.04897505044937134
