train_loss: 0.5170457200098536
train_accuracy: 0.7540947805197641
train_precision: 0.7942522889114955
train_recall: 0.6839684625492772
train_f1: 0.7349964697575901
val_loss: 0.528723287085692
val_accuracy: 0.7537117903930131
val_precision: 0.7983706720977597
val_recall: 0.6817391304347826
val_f1: 0.7354596622889307
test_loss: 0.5092652514576912
test_accuracy: 0.759825327510917
test_precision: 0.8019607843137255
test_recall: 0.7015437392795884
test_f1: 0.7483989021043002
min_lr: 1e-07
max_lr: 0.0005
total_time: 80.64322662353516
average_epoch_time: 0.8064277458190918
