train_loss: 15.083091295682467
train_mse: 15.250772476196289
train_mae: 2.6682872772216797
train_rmse: 3.905223846435547
train_r2: 0.8187330365180969
val_loss: 13.647165775299072
val_mse: 13.862773895263672
val_mae: 2.8262526988983154
val_rmse: 3.7232747077941895
val_r2: 0.7710369229316711
test_loss: 26.065078735351562
test_mse: 30.27602195739746
test_mae: 3.3750994205474854
test_rmse: 5.5023651123046875
test_r2: 0.714813768863678
min_lr: 0.001
max_lr: 0.09
total_time: 35.081536054611206
average_epoch_time: 0.3508111929893494
