train_loss: 0.44975370189454084
train_accuracy: 0.7959161388949553
train_precision: 0.8342007434944237
train_recall: 0.7371879106438897
train_f1: 0.7826996860830137
val_loss: 0.48811956991751987
val_accuracy: 0.7668122270742358
val_precision: 0.8031496062992126
val_recall: 0.7095652173913043
val_f1: 0.7534626038781164
test_loss: 0.47691062175565296
test_accuracy: 0.77117903930131
test_precision: 0.8080614203454894
test_recall: 0.7221269296740995
test_f1: 0.7626811594202898
min_lr: 1e-05
max_lr: 0.0004
total_time: 311.6528286933899
average_epoch_time: 3.11652464389801
