train_loss: 0.5081098318515339
train_accuracy: 0.7678532430661716
train_precision: 0.7941176470588235
train_recall: 0.721419185282523
train_f1: 0.7560247876979573
val_loss: 0.514946842359172
val_accuracy: 0.7528384279475983
val_precision: 0.7818532818532818
val_recall: 0.7043478260869566
val_f1: 0.7410795974382434
test_loss: 0.5004611247115665
test_accuracy: 0.7641921397379913
test_precision: 0.7903525046382189
test_recall: 0.7307032590051458
test_f1: 0.7593582887700535
min_lr: 5e-05
max_lr: 0.003
total_time: 333.38241171836853
average_epoch_time: 3.3338199710845946
