train_loss: 6183.499666630314
train_mse: 6184.4951171875
train_mae: 61.68436050415039
train_rmse: 78.64156341552734
train_r2: 0.9914934573283203
val_loss: 7071.246081357075
val_mse: 7071.0966796875
val_mae: 65.19338989257812
val_rmse: 84.08981323242188
val_r2: 0.990289408180868
test_loss: 7166.47556610882
test_mse: 7166.2978515625
test_mae: 65.23590087890625
test_rmse: 84.65399169921875
test_r2: 0.9901551319437696
min_lr: 3e-05
max_lr: 0.002
total_time: 3102.1469683647156
average_epoch_time: 31.021448538303375
