train_loss: 19.85515099305373
train_mse: 19.50893211364746
train_mae: 3.122584581375122
train_rmse: 4.416891574859619
train_r2: 0.768121600151062
val_loss: 14.171226501464844
val_mse: 15.069698333740234
val_mae: 3.036945343017578
val_rmse: 3.8819708824157715
val_r2: 0.751102864742279
test_loss: 35.5053596496582
test_mse: 41.022308349609375
test_mae: 3.7151899337768555
test_rmse: 6.4048662185668945
test_r2: 0.6135886907577515
min_lr: 1e-05
max_lr: 0.007
total_time: 5.69245719909668
average_epoch_time: 0.056922411918640135
