train_loss: 7.481693744659424
train_mse: 7.481693744659424
train_mae: 1.9744744300842285
train_rmse: 2.7352685928344727
train_r2: 0.908381462097168
val_loss: 12.487722396850586
val_mse: 12.487722396850586
val_mae: 2.6375415325164795
val_rmse: 3.533797264099121
val_r2: 0.7162677049636841
test_loss: 20.481719970703125
test_mse: 20.481719970703125
test_mae: 2.797945022583008
test_rmse: 4.5256733894348145
test_r2: 0.8360178470611572
