train_loss: 3282.5041235909243
train_mse: 3283.775634765625
train_mae: 44.431800842285156
train_rmse: 57.304237365722656
train_r2: 0.9954832792282104
val_loss: 8563.447367246987
val_mse: 8564.5478515625
val_mae: 67.45433044433594
val_rmse: 92.54484558105469
val_r2: 0.9882384538650513
test_loss: 9021.075296934487
test_mse: 9021.771484375
test_mae: 68.24703216552734
test_rmse: 94.9830093383789
test_r2: 0.9876061081886292
min_lr: 5e-06
max_lr: 0.004
total_time: 1653.7438037395477
average_epoch_time: 16.53741542339325
