train_loss: 0.2510972023010254
train_mse: 0.2510972023010254
train_mae: 0.3416959345340729
train_rmse: 0.5010960102081299
train_r2: 0.7984060645103455
val_loss: 0.2728954553604126
val_mse: 0.2728954553604126
val_mae: 0.35616108775138855
val_rmse: 0.5223939418792725
val_r2: 0.7736123204231262
test_loss: 0.27029022574424744
test_mse: 0.27029022574424744
test_mae: 0.35625192523002625
test_rmse: 0.5198944211006165
test_r2: 0.7949504852294922
