train_loss: 30449.11177303101
train_mse: 30449.1015625
train_mae: 134.51040649414062
train_rmse: 174.4967041015625
train_r2: 0.9581183965658862
val_loss: 34119.164548302666
val_mse: 34106.65234375
val_mae: 140.03695678710938
val_rmse: 184.67987060546875
val_r2: 0.9531620323201947
test_loss: 34618.58086135787
test_mse: 34618.69921875
test_mae: 140.787841796875
test_rmse: 186.06100463867188
test_r2: 0.9524417567308444
min_lr: 0.0001
max_lr: 0.01
total_time: 2100.8233273029327
average_epoch_time: 21.008214235305786
