train_loss: 0.5082201446805682
train_accuracy: 0.7642498362087792
train_precision: 0.7997509339975093
train_recall: 0.7032413491020587
train_f1: 0.7483976226547021
val_loss: 0.5119290120071835
val_accuracy: 0.7554585152838428
val_precision: 0.7886497064579256
val_recall: 0.7008695652173913
val_f1: 0.7421731123388582
test_loss: 0.4917781071530448
test_accuracy: 0.7737991266375546
test_precision: 0.8115384615384615
test_recall: 0.7238421955403087
test_f1: 0.7651858567543064
min_lr: 1e-07
max_lr: 0.001
total_time: 100.4710373878479
average_epoch_time: 1.0047063970565795
