train_loss: 0.5308102965354919
train_accuracy: 0.7441742420196533
train_precision: 0.7301533222198486
train_recall: 0.7477320432662964
train_auc: 0.815083384513855
val_loss: 0.554980456829071
val_accuracy: 0.7274569272994995
val_precision: 0.6969050168991089
val_recall: 0.7199559211730957
val_auc: 0.7978097200393677
test_loss: 0.5524147748947144
test_accuracy: 0.7311392426490784
test_precision: 0.7219361662864685
test_recall: 0.7286902070045471
test_auc: 0.7968001365661621
