train_loss: 0.6860759042281307
train_accuracy: 0.5262065953264905
train_precision: 0.5148385409857498
train_recall: 0.8624616732369689
train_f1: 0.6447810069586574
val_loss: 0.6909387442800734
val_accuracy: 0.5074235807860262
val_precision: 0.505795574288725
val_recall: 0.8347826086956521
val_f1: 0.6299212598425197
test_loss: 0.6896592213047875
test_accuracy: 0.514410480349345
test_precision: 0.5143769968051118
test_recall: 0.8284734133790738
test_f1: 0.6346911957950067
min_lr: 1e-07
max_lr: 3e-06
total_time: 166.8957223892212
average_epoch_time: 1.66895072221756
