train_loss: 13.589445370894213
train_mse: 13.819628715515137
train_mae: 2.428220748901367
train_rmse: 3.7174761295318604
train_r2: 0.835743248462677
val_loss: 13.555906295776367
val_mse: 14.018216133117676
val_mae: 2.5366814136505127
val_rmse: 3.7440907955169678
val_r2: 0.7684695720672607
test_loss: 20.49302577972412
test_mse: 24.40022087097168
test_mae: 2.765678882598877
test_rmse: 4.939658164978027
test_r2: 0.7701611518859863
min_lr: 0.001
max_lr: 0.02
total_time: 12.450123310089111
average_epoch_time: 0.12449932098388672
