train_loss: 0.4607125419980558
train_accuracy: 0.7870714129722647
train_precision: 0.8148772267693789
train_recall: 0.7413491020586948
train_f1: 0.7763761467889908
val_loss: 0.4970444076591068
val_accuracy: 0.7572052401746725
val_precision: 0.7839388145315488
val_recall: 0.7130434782608696
val_f1: 0.7468123861566485
test_loss: 0.48290063440799713
test_accuracy: 0.7799126637554585
test_precision: 0.8105065666041276
test_recall: 0.7409948542024014
test_f1: 0.7741935483870968
min_lr: 0.0001
max_lr: 0.0006
total_time: 212.15503597259521
average_epoch_time: 2.12154634475708
