train_loss: 30407.10787669535
train_mse: 30410.353515625
train_mae: 133.99400329589844
train_rmse: 174.38565063476562
train_r2: 0.9581716964422947
val_loss: 33519.80072176396
val_mse: 33515.3515625
val_mae: 136.9856414794922
val_rmse: 183.07199096679688
val_r2: 0.953974058029353
test_loss: 33439.357927506346
test_mse: 33437.36328125
test_mae: 138.31028747558594
test_rmse: 182.85885620117188
test_r2: 0.9540646456273455
min_lr: 0.0001
max_lr: 0.01
total_time: 2118.527043581009
average_epoch_time: 21.185249047279356
