train_loss: 0.5173489142526017
train_accuracy: 0.7515197568389058
train_precision: 0.7381919756221432
train_recall: 0.7574257425742574
train_f1: 0.7476851851851852
val_loss: 0.5417353020560357
val_accuracy: 0.7345491388044579
val_precision: 0.7139830508474576
val_recall: 0.7262931034482759
val_f1: 0.7200854700854701
test_loss: 0.5711386367197959
test_accuracy: 0.7186234817813765
test_precision: 0.6645435244161358
test_recall: 0.7228637413394919
test_f1: 0.6924778761061947
min_lr: 5e-05
max_lr: 0.0015
total_time: 174.655366897583
average_epoch_time: 1.7465498089790343
