train_loss: 2.2241909687335673
train_mse: 2.2448902130126953
train_mae: 1.1047941446304321
train_rmse: 1.498295783996582
train_r2: 0.9733178019523621
val_loss: 11.16276502609253
val_mse: 11.618840217590332
val_mae: 2.298614263534546
val_rmse: 3.408642053604126
val_r2: 0.8080986142158508
test_loss: 8.975302696228027
test_mse: 9.952947616577148
test_mae: 2.07790470123291
test_rmse: 3.154829263687134
test_r2: 0.9062477946281433
min_lr: 0.001
max_lr: 0.008
total_time: 18.744162797927856
average_epoch_time: 0.18743919610977172
