train_loss: 0.2598266005516052
train_mse: 0.2598266005516052
train_mae: 0.3486345410346985
train_rmse: 0.5097318887710571
train_r2: 0.7906401753425598
val_loss: 0.2806118428707123
val_mse: 0.2806118428707123
val_mae: 0.35938766598701477
val_rmse: 0.5297280550003052
val_r2: 0.7632996439933777
test_loss: 0.2792814373970032
test_mse: 0.2792814373970032
test_mae: 0.35795149207115173
test_rmse: 0.5284708738327026
test_r2: 0.7873383164405823
