train_loss: 0.48546326698528397
train_accuracy: 0.7748416684865691
train_precision: 0.8025616239729337
train_recall: 0.7273324572930355
train_f1: 0.7630974264705883
val_loss: 0.4922507537735833
val_accuracy: 0.7694323144104803
val_precision: 0.8043052837573386
val_recall: 0.7147826086956521
val_f1: 0.7569060773480663
test_loss: 0.4821533527639177
test_accuracy: 0.7807860262008733
test_precision: 0.8155893536121673
test_recall: 0.7358490566037735
test_f1: 0.7736699729486024
min_lr: 8e-05
max_lr: 0.004
total_time: 87.77833461761475
average_epoch_time: 0.8777792000770569
