train_loss: 0.4645624187765221
train_accuracy: 0.7872898012666522
train_precision: 0.8243310208126858
train_recall: 0.728646517739816
train_f1: 0.7735410369681468
val_loss: 0.49739105419980156
val_accuracy: 0.7650655021834061
val_precision: 0.7976653696498055
val_recall: 0.7130434782608696
val_f1: 0.7529843893480256
test_loss: 0.4676988505654865
test_accuracy: 0.7825327510917031
test_precision: 0.826171875
test_recall: 0.725557461406518
test_f1: 0.7726027397260272
min_lr: 0.0005
max_lr: 0.004
total_time: 615.6391129493713
average_epoch_time: 6.1563854193687435
