train_loss: 48.894118969257065
train_mse: 48.1053466796875
train_mae: 5.0162882804870605
train_rmse: 6.935801982879639
train_r2: 0.4282315969467163
val_loss: 37.31650352478027
val_mse: 40.22850036621094
val_mae: 5.031349182128906
val_rmse: 6.342594146728516
val_r2: 0.3355700373649597
test_loss: 65.74698066711426
test_mse: 67.26779174804688
test_mae: 6.003905773162842
test_rmse: 8.20169448852539
test_r2: 0.36636829376220703
min_lr: 0.01
max_lr: 0.03
total_time: 25.88915491104126
average_epoch_time: 0.25888667821884154
