train_loss: 0.5421680839438188
train_accuracy: 0.7339159067882473
train_precision: 0.7422594142259414
train_recall: 0.6933298593017196
train_f1: 0.7169607975212179
val_loss: 0.5374805927276611
val_accuracy: 0.7406281661600811
val_precision: 0.7476190476190476
val_recall: 0.6767241379310345
val_f1: 0.7104072398190046
test_loss: 0.5483714688208795
test_accuracy: 0.7267206477732794
test_precision: 0.6973365617433414
test_recall: 0.6651270207852193
test_f1: 0.6808510638297872
min_lr: 0.0005
max_lr: 0.015
total_time: 130.57672929763794
average_epoch_time: 1.3057646584510803
