train_loss: 1.1159809827804565
train_mse: 1.1159809827804565
train_mae: 0.8755198121070862
train_rmse: 1.0564000606536865
train_r2: 0.09164725244045258
val_loss: 1.1193684339523315
val_mse: 1.1193684339523315
val_mae: 0.8749184608459473
val_rmse: 1.0580021142959595
val_r2: 0.1287951022386551
test_loss: 1.1334092617034912
test_mse: 1.1334092617034912
test_mae: 0.8881667852401733
test_rmse: 1.0646169185638428
test_r2: 0.08847703039646149
