train_loss: 0.5286466224539664
train_accuracy: 0.7410081053698075
train_precision: 0.7526063679909833
train_recall: 0.6959353830119854
train_f1: 0.7231623121700285
val_loss: 0.5337875857949257
val_accuracy: 0.7446808510638298
val_precision: 0.75
val_recall: 0.6853448275862069
val_f1: 0.7162162162162162
test_loss: 0.5473374873399734
test_accuracy: 0.7257085020242915
test_precision: 0.6956521739130435
test_recall: 0.6651270207852193
test_f1: 0.680047225501771
min_lr: 1e-05
max_lr: 0.005
total_time: 93.24637937545776
average_epoch_time: 0.9324599885940552
