train_loss: 0.06909489360666682
train_accuracy: 0.9715345442966896
train_precision: 0.9715700300185505
train_recall: 0.9715345442966896
train_f1: 0.97154731593854
val_loss: 0.13002735469900564
val_accuracy: 0.9534603535223146
val_precision: 0.9534578633095854
val_recall: 0.9534603535223146
val_f1: 0.9534516522604176
test_loss: 0.12531201913132278
test_accuracy: 0.9546659323259096
test_precision: 0.9546506307576466
test_recall: 0.9546659323259096
test_f1: 0.9546503421168363
min_lr: 5e-06
max_lr: 0.002
total_time: 5263.828179597855
average_epoch_time: 52.63827375173569
