train_loss: 0.5115304999505943
train_accuracy: 0.7569655521783182
train_precision: 0.7691444600280505
train_recall: 0.7144346013548724
train_f1: 0.7407807645549102
val_loss: 0.5391735030758765
val_accuracy: 0.7487335359675785
val_precision: 0.7634146341463415
val_recall: 0.6745689655172413
val_f1: 0.7162471395881007
test_loss: 0.5468642259797742
test_accuracy: 0.7368421052631579
test_precision: 0.7016317016317016
test_recall: 0.6951501154734411
test_f1: 0.6983758700696056
min_lr: 1e-07
max_lr: 0.001
total_time: 359.2123672962189
average_epoch_time: 3.5921199822425844
