train_loss: 2.556551218032837
train_mse: 2.556551218032837
train_mae: 1.168617606163025
train_rmse: 1.5989218950271606
train_r2: 0.9679170250892639
val_loss: 10.522318840026855
val_mse: 10.522318840026855
val_mae: 2.502297878265381
val_rmse: 3.243812322616577
val_r2: 0.7482262849807739
test_loss: 24.102977752685547
test_mse: 24.102977752685547
test_mae: 3.35208797454834
test_rmse: 4.909478187561035
test_r2: 0.7993185520172119
