train_loss: 0.2707168459892273
train_mse: 0.2707168459892273
train_mae: 0.35650402307510376
train_rmse: 0.5203045606613159
train_r2: 0.7821394801139832
val_loss: 0.2827360928058624
val_mse: 0.2827360928058624
val_mae: 0.3644588887691498
val_rmse: 0.5317293405532837
val_r2: 0.7654292583465576
test_loss: 0.28495165705680847
test_mse: 0.28495165705680847
test_mae: 0.3680667281150818
test_rmse: 0.5338086485862732
test_r2: 0.7830820083618164
