train_loss: 0.46429126605858784
train_accuracy: 0.7832496178204849
train_precision: 0.8096952243820494
train_recall: 0.738939991239597
train_f1: 0.7727012481392419
val_loss: 0.4991397046380573
val_accuracy: 0.7606986899563318
val_precision: 0.7888675623800384
val_recall: 0.7147826086956521
val_f1: 0.7500000000000001
test_loss: 0.48342867692311603
test_accuracy: 0.7790393013100436
test_precision: 0.8066914498141264
test_recall: 0.7444253859348199
test_f1: 0.7743086529884032
min_lr: 1e-07
max_lr: 0.0002
total_time: 100.62363743782043
average_epoch_time: 1.0062320566177367
