train_loss: 15.16913865162776
train_mse: 15.39290714263916
train_mae: 2.747209310531616
train_rmse: 3.92337965965271
train_r2: 0.817043662071228
val_loss: 15.932918548583984
val_mse: 16.282533645629883
val_mae: 3.1338720321655273
val_rmse: 4.035161972045898
val_r2: 0.7310712337493896
test_loss: 21.946377754211426
test_mse: 24.86642074584961
test_mae: 3.3438546657562256
test_rmse: 4.986624240875244
test_r2: 0.7657697200775146
min_lr: 0.001
max_lr: 0.1
total_time: 4.964890003204346
average_epoch_time: 0.0496467137336731
