train_loss: 0.5312364509990138
train_accuracy: 0.7440476190476191
train_precision: 0.7609882217753519
train_recall: 0.6902032308494007
train_f1: 0.7238693810629867
val_loss: 0.5246270336210728
val_accuracy: 0.745694022289767
val_precision: 0.7603911980440098
val_recall: 0.6702586206896551
val_f1: 0.7124856815578465
test_loss: 0.5323428176343441
test_accuracy: 0.7368421052631579
test_precision: 0.7146401985111662
test_recall: 0.6651270207852193
test_f1: 0.6889952153110048
min_lr: 0.0008
max_lr: 0.03
total_time: 377.56053590774536
average_epoch_time: 3.7756013965606687
