train_loss: 0.5262698324827048
train_accuracy: 0.749113475177305
train_precision: 0.751967435549525
train_recall: 0.721990620114643
train_f1: 0.7366741991226904
val_loss: 0.5367124801681887
val_accuracy: 0.7436676798378926
val_precision: 0.7392290249433107
val_recall: 0.7025862068965517
val_f1: 0.7204419889502762
test_loss: 0.5540431055330461
test_accuracy: 0.728744939271255
test_precision: 0.6870748299319728
test_recall: 0.6997690531177829
test_f1: 0.6933638443935927
min_lr: 0.0005
max_lr: 0.002
total_time: 349.6240282058716
average_epoch_time: 3.4962364625930786
