train_loss: 0.5288178975041579
train_accuracy: 0.7440476190476191
train_precision: 0.7454741961631991
train_recall: 0.7188639916623242
train_f1: 0.731927311314498
val_loss: 0.5336632863167794
val_accuracy: 0.745694022289767
val_precision: 0.7414965986394558
val_recall: 0.7047413793103449
val_f1: 0.7226519337016575
test_loss: 0.5533640548106162
test_accuracy: 0.7246963562753036
test_precision: 0.6761487964989059
test_recall: 0.7136258660508084
test_f1: 0.6943820224719102
min_lr: 5e-05
max_lr: 0.01
total_time: 190.74044847488403
average_epoch_time: 1.9074008059501648
