train_loss: 0.4742903028215681
train_accuracy: 0.7806289582878357
train_precision: 0.8160692212608158
train_recall: 0.722952255803767
train_f1: 0.7666937637905005
val_loss: 0.4921384213699235
val_accuracy: 0.7606986899563318
val_precision: 0.7933723196881092
val_recall: 0.7078260869565217
val_f1: 0.7481617647058824
test_loss: 0.48299794395764667
test_accuracy: 0.7685589519650655
test_precision: 0.806949806949807
test_recall: 0.7169811320754716
test_f1: 0.7593097184377838
min_lr: 0.0002
max_lr: 0.0015
total_time: 211.93857407569885
average_epoch_time: 2.1193815159797667
