train_loss: 19.414658562786084
train_mse: 19.39226531982422
train_mae: 3.48058819770813
train_rmse: 4.403665065765381
train_r2: 0.9999733266627714
val_loss: 111.58357397553884
val_mse: 111.59334564208984
val_mae: 7.304904460906982
val_rmse: 10.563775062561035
val_r2: 0.9998467511529137
test_loss: 102.59865771453393
test_mse: 102.60721588134766
test_mae: 7.248388767242432
test_rmse: 10.129522323608398
test_r2: 0.9998590409578286
min_lr: 5e-05
max_lr: 0.0006
total_time: 3451.777562379837
average_epoch_time: 34.517758638858794
