train_loss: 0.46567600913579454
train_accuracy: 0.7881633544442018
train_precision: 0.8147171620325983
train_recall: 0.7444152431011827
train_f1: 0.7779812314030671
val_loss: 0.5006087472041448
val_accuracy: 0.7624454148471616
val_precision: 0.7976424361493124
val_recall: 0.7060869565217391
val_f1: 0.7490774907749077
test_loss: 0.4863521117303107
test_accuracy: 0.7755458515283843
test_precision: 0.7963636363636364
test_recall: 0.7512864493996569
test_f1: 0.7731685789938216
min_lr: 0.0001
max_lr: 0.0007
total_time: 437.94233417510986
average_epoch_time: 4.379417822360993
