train_loss: 0.3668562972155043
train_accuracy: 0.8514701737703013
train_precision: 0.8539431222387958
train_recall: 0.8514701737703013
train_f1: 0.8490213293655428
val_loss: 0.3896222407662921
val_accuracy: 0.8413968778506394
val_precision: 0.8433339131991454
val_recall: 0.8413968778506394
val_f1: 0.8385305811946309
test_loss: 0.38928263834657123
test_accuracy: 0.8413479742521772
test_precision: 0.8440674641815197
test_recall: 0.8413479742521772
test_f1: 0.8388542587675376
min_lr: 1e-07
max_lr: 0.01
total_time: 1960.0458459854126
average_epoch_time: 19.60044869184494
