train_loss: 0.5508064377692438
train_accuracy: 0.7293566362715299
train_precision: 0.7364470391993327
train_recall: 0.6902032308494007
train_f1: 0.7125756556825824
val_loss: 0.5379830896854401
val_accuracy: 0.7274569402228976
val_precision: 0.7294117647058823
val_recall: 0.6681034482758621
val_f1: 0.6974128233970753
test_loss: 0.5611965358257294
test_accuracy: 0.7165991902834008
test_precision: 0.6834532374100719
test_recall: 0.6581986143187067
test_f1: 0.6705882352941176
min_lr: 0.005
max_lr: 0.07
total_time: 87.69825482368469
average_epoch_time: 0.8769774794578552
