train_loss: 0.4541215523298609
train_accuracy: 0.7941690325398558
train_precision: 0.8297662976629766
train_recall: 0.7387209811651336
train_f1: 0.7816012049588692
val_loss: 0.49101491769154865
val_accuracy: 0.7641921397379913
val_precision: 0.7984344422700587
val_recall: 0.7095652173913043
val_f1: 0.7513812154696132
test_loss: 0.4884251215391689
test_accuracy: 0.7694323144104803
test_precision: 0.8026565464895635
test_recall: 0.725557461406518
test_f1: 0.7621621621621621
min_lr: 1e-07
max_lr: 0.0002
total_time: 78.27039217948914
average_epoch_time: 0.7827000641822814
