train_loss: 0.6931491824779433
train_accuracy: 0.5139311043566362
train_precision: 0.0
train_recall: 0.0
train_f1: 0.0
val_loss: 0.6913962344969472
val_accuracy: 0.5298885511651469
val_precision: 0.0
val_recall: 0.0
val_f1: 0.0
test_loss: 0.6878176619929652
test_accuracy: 0.5617408906882592
test_precision: 0.0
test_recall: 0.0
test_f1: 0.0
min_lr: 1e-05
max_lr: 0.01
total_time: 252.13993668556213
average_epoch_time: 2.5213916945457457
