train_loss: 0.050076411424424205
train_accuracy: 0.9792452383667269
train_precision: 0.9792693693112436
train_recall: 0.9792452383667269
train_f1: 0.9792521559556321
val_loss: 0.10519027137628342
val_accuracy: 0.961463658112597
val_precision: 0.961500889032249
val_recall: 0.961463658112597
val_f1: 0.9614745906882136
test_loss: 0.10368042231213286
test_accuracy: 0.9628412102853602
test_precision: 0.9628641245414185
test_recall: 0.9628412102853602
test_f1: 0.962840761708476
min_lr: 1e-05
max_lr: 0.002
total_time: 8305.625979185104
average_epoch_time: 83.05624631881714
