train_loss: 9.862282367853018
train_mse: 9.601914405822754
train_mae: 2.317462682723999
train_rmse: 3.0986955165863037
train_r2: 0.8858739733695984
val_loss: 15.932226657867432
val_mse: 16.332664489746094
val_mae: 3.187837600708008
val_rmse: 4.0413689613342285
val_r2: 0.7302432060241699
test_loss: 15.225846767425537
test_mse: 16.84002685546875
test_mae: 2.976390838623047
test_rmse: 4.1036601066589355
test_r2: 0.8413746953010559
min_lr: 0.005
max_lr: 0.2
total_time: 9.692580223083496
average_epoch_time: 0.09692373514175415
