train_loss: 25504.570109875673
train_mse: 25493.322265625
train_mae: 120.56378173828125
train_rmse: 159.66629028320312
train_r2: 0.9649348814898571
val_loss: 31657.43468432741
val_mse: 31662.943359375
val_mae: 130.26280212402344
val_rmse: 177.9408416748047
val_r2: 0.9565179277695106
test_loss: 31836.31056670368
test_mse: 31841.646484375
test_mae: 131.19187927246094
test_rmse: 178.44227600097656
test_r2: 0.9562567978136678
min_lr: 4e-05
max_lr: 0.0003
total_time: 1319.6487793922424
average_epoch_time: 13.196468648910523
