train_loss: 527.7443237304688
train_mse: 527.7443237304688
train_mae: 21.062049865722656
train_rmse: 22.972686767578125
train_r2: -5.6898040771484375
val_loss: 464.6799621582031
val_mse: 464.6799621582031
val_mae: 20.103086471557617
val_rmse: 21.55643653869629
val_r2: -8.857007026672363
test_loss: 632.7814331054688
test_mse: 632.7814331054688
test_mae: 22.948184967041016
test_rmse: 25.155147552490234
test_r2: -5.039998531341553
