train_loss: 0.5290427953004837
train_accuracy: 0.744807497467072
train_precision: 0.7371844912828519
train_recall: 0.7381448671182907
train_f1: 0.7376643666189299
val_loss: 0.5328996703028679
val_accuracy: 0.7406281661600811
val_precision: 0.7331838565022422
val_recall: 0.7047413793103449
val_f1: 0.7186813186813187
test_loss: 0.5632123574614525
test_accuracy: 0.7246963562753036
test_precision: 0.6792873051224945
test_recall: 0.7043879907621247
test_f1: 0.691609977324263
min_lr: 3e-05
max_lr: 0.01
total_time: 94.33835697174072
average_epoch_time: 0.9433802056312561
