train_loss: 0.49624020473882297
train_accuracy: 0.7730945621314698
train_precision: 0.7933962264150943
train_recall: 0.7367498904949628
train_f1: 0.764024528730411
val_loss: 0.5080839188562499
val_accuracy: 0.754585152838428
val_precision: 0.7692307692307693
val_recall: 0.7304347826086957
val_f1: 0.7493309545049064
test_loss: 0.48616769661506015
test_accuracy: 0.7668122270742358
test_precision: 0.7904411764705882
test_recall: 0.7375643224699828
test_f1: 0.7630878438331854
min_lr: 0.001
max_lr: 0.03
total_time: 129.1202986240387
average_epoch_time: 1.2911981511116029
