train_loss: 0.5144486121005483
train_accuracy: 0.762830312295261
train_precision: 0.7783720930232558
train_recall: 0.7330267192290846
train_f1: 0.7550191743740131
val_loss: 0.5158031947082944
val_accuracy: 0.7475982532751092
val_precision: 0.7667910447761194
val_recall: 0.7147826086956521
val_f1: 0.7398739873987399
test_loss: 0.494308955139584
test_accuracy: 0.7580786026200873
test_precision: 0.7751798561151079
test_recall: 0.7392795883361921
test_f1: 0.7568042142230026
min_lr: 0.002
max_lr: 0.07
total_time: 86.01296806335449
average_epoch_time: 0.8601252460479736
