train_loss: 0.08632502103550564
train_accuracy: 0.9659171831870725
train_precision: 0.9659589522367911
train_recall: 0.9659171831870725
train_f1: 0.9658746905825221
val_loss: 0.1627310459473322
val_accuracy: 0.9407411232164679
val_precision: 0.9406945645189725
val_recall: 0.9407411232164679
val_f1: 0.9406158256428792
test_loss: 0.1525687302343777
test_accuracy: 0.9450277098895047
test_precision: 0.9450545465905685
test_recall: 0.9450277098895047
test_f1: 0.944922939879982
min_lr: 1e-07
max_lr: 0.002
total_time: 1536.6882808208466
average_epoch_time: 15.366871852874755
