train_loss: 0.5014302660986937
train_accuracy: 0.7675256606245905
train_precision: 0.8147765435288039
train_recall: 0.6907577748576434
train_f1: 0.7476591205404765
val_loss: 0.5002793206108941
val_accuracy: 0.7580786026200873
val_precision: 0.8040816326530612
val_recall: 0.6852173913043478
val_f1: 0.739906103286385
test_loss: 0.4896363988518715
test_accuracy: 0.7746724890829695
test_precision: 0.8256513026052105
test_recall: 0.7066895368782161
test_f1: 0.7615526802218114
min_lr: 0.0002
max_lr: 0.004
total_time: 183.17236018180847
average_epoch_time: 1.8317194819450378
