train_loss: 0.4868350981010331
train_accuracy: 0.7786634636383489
train_precision: 0.8260981248394554
train_recall: 0.7043363994743759
train_f1: 0.7603735666154392
val_loss: 0.4978312585088942
val_accuracy: 0.759825327510917
val_precision: 0.8048780487804879
val_recall: 0.688695652173913
val_f1: 0.7422680412371135
test_loss: 0.478369308842553
test_accuracy: 0.7729257641921398
test_precision: 0.8185404339250493
test_recall: 0.7118353344768439
test_f1: 0.761467889908257
min_lr: 8e-05
max_lr: 0.003
total_time: 87.35962176322937
average_epoch_time: 0.8735913586616516
