train_loss: 0.5026159164635277
train_accuracy: 0.7572188449848024
train_precision: 0.756475300400534
train_recall: 0.7381448671182907
train_f1: 0.7471976790188579
val_loss: 0.526529864918801
val_accuracy: 0.7375886524822695
val_precision: 0.7313769751693002
val_recall: 0.6982758620689655
val_f1: 0.7144432194046306
test_loss: 0.5568116970600621
test_accuracy: 0.7236842105263158
test_precision: 0.6801801801801802
test_recall: 0.6974595842956121
test_f1: 0.6887115165336374
min_lr: 1e-07
max_lr: 3e-05
total_time: 266.82400488853455
average_epoch_time: 2.668235912322998
