train_loss: 12289.74880749078
train_mse: 12294.5380859375
train_mae: 85.6553726196289
train_rmse: 110.8807373046875
train_r2: 0.9830893278121948
val_loss: 13704.258362745875
val_mse: 13703.7431640625
val_mae: 90.06475067138672
val_rmse: 117.06298828125
val_r2: 0.9811809062957764
test_loss: 13845.830821700507
test_mse: 13845.9228515625
test_mae: 90.25521850585938
test_rmse: 117.668701171875
test_r2: 0.9809788465499878
min_lr: 2e-05
max_lr: 0.01
total_time: 1646.282939195633
average_epoch_time: 16.462809104919433
