train_loss: 0.5387443876074206
train_accuracy: 0.7355623100303952
train_precision: 0.7264492753623188
train_recall: 0.7313705054715998
train_f1: 0.7289015840041547
val_loss: 0.5333854407072067
val_accuracy: 0.7416413373860182
val_precision: 0.7266811279826464
val_recall: 0.7219827586206896
val_f1: 0.7243243243243244
test_loss: 0.5571576356887817
test_accuracy: 0.7246963562753036
test_precision: 0.6753812636165577
test_recall: 0.7159353348729792
test_f1: 0.695067264573991
min_lr: 0.005
max_lr: 0.04
total_time: 61.388261556625366
average_epoch_time: 0.6138789343833924
