train_loss: 0.4669107483239124
train_accuracy: 0.7892552959161389
train_precision: 0.821150097465887
train_recall: 0.7380639509417434
train_f1: 0.7773933102652827
val_loss: 0.5025635667973094
val_accuracy: 0.7606986899563318
val_precision: 0.7933723196881092
val_recall: 0.7078260869565217
val_f1: 0.7481617647058824
test_loss: 0.48515336712201435
test_accuracy: 0.7781659388646288
test_precision: 0.8121442125237192
test_recall: 0.7341337907375644
test_f1: 0.7711711711711712
min_lr: 0.0001
max_lr: 0.0004
total_time: 392.52786803245544
average_epoch_time: 3.925274443626404
