train_loss: 0.031789399683475494
train_accuracy: 0.9928109049797058
train_precision: 0.9933435320854187
train_recall: 0.9923616051673889
train_auc: 0.9994802474975586
train_prc: 0.9986462593078613
val_loss: 4.268626689910889
val_accuracy: 0.9913731217384338
val_precision: 0.9927849769592285
val_recall: 0.9892163872718811
val_auc: 0.9976304173469543
val_prc: 0.9934239387512207
test_loss: 0.048730604350566864
test_accuracy: 0.9935298562049866
test_precision: 0.9942404627799988
test_recall: 0.9928109049797058
test_auc: 0.9989562630653381
test_prc: 0.9967131614685059
