train_loss: 11.45104351410499
train_mse: 11.679354667663574
train_mae: 2.4129509925842285
train_rmse: 3.4175071716308594
train_r2: 0.8611820340156555
val_loss: 17.739672660827637
val_mse: 18.40692138671875
val_mae: 3.223926067352295
val_rmse: 4.2903289794921875
val_r2: 0.6959839463233948
test_loss: 22.06109356880188
test_mse: 26.078441619873047
test_mae: 3.1459052562713623
test_rmse: 5.106705665588379
test_r2: 0.7543530464172363
total_time: 9.804462671279907
average_epoch_time: 0.1958080053329468
