train_loss: 68.57149505615234
train_mse: 68.57149505615234
train_mae: 5.7800798416137695
train_rmse: 8.280790328979492
train_r2: 0.17677344381809235
val_loss: 45.657989501953125
val_mse: 45.657989501953125
val_mae: 5.273571491241455
val_rmse: 6.7570695877075195
val_r2: 0.22819608449935913
test_loss: 106.89627075195312
test_mse: 106.89627075195312
test_mae: 7.73408317565918
test_rmse: 10.339065551757812
test_r2: 0.010437726974487305
