train_loss: 27612.887322285453
train_mse: 27626.736328125
train_mae: 133.96066284179688
train_rmse: 166.21292114257812
train_r2: 0.9620004525614576
val_loss: 29798.074496351524
val_mse: 29794.92578125
val_mae: 138.38816833496094
val_rmse: 172.612060546875
val_r2: 0.9590832407671511
test_loss: 29553.05294257614
test_mse: 29555.365234375
test_mae: 137.95008850097656
test_rmse: 171.91673278808594
test_r2: 0.9593976296972015
min_lr: 2e-05
max_lr: 0.0006
total_time: 1655.7744133472443
average_epoch_time: 16.557720460891723
