train_loss: 19.55934238433838
train_mse: 19.57840347290039
train_mae: 3.192389488220215
train_rmse: 4.42474889755249
train_r2: 0.7672958970069885
val_loss: 26.090170860290527
val_mse: 26.876340866088867
val_mae: 4.021475315093994
val_rmse: 5.184239864349365
val_r2: 0.5560996532440186
test_loss: 30.663235664367676
test_mse: 32.30303192138672
test_mae: 4.086517333984375
test_rmse: 5.683575630187988
test_r2: 0.6957202553749084
min_lr: 1e-06
max_lr: 0.1
total_time: 11.948328733444214
average_epoch_time: 0.11947881937026977
