train_loss: 0.5121428779503594
train_accuracy: 0.752532928064843
train_precision: 0.7528180354267311
train_recall: 0.7308494007295466
train_f1: 0.7416710735060814
val_loss: 0.5254127017913326
val_accuracy: 0.7436676798378926
val_precision: 0.7360178970917226
val_recall: 0.709051724137931
val_f1: 0.7222832052689352
test_loss: 0.5569288019211062
test_accuracy: 0.7176113360323887
test_precision: 0.668859649122807
test_recall: 0.7043879907621247
test_f1: 0.6861642294713161
min_lr: 1e-07
max_lr: 0.0007
total_time: 112.40708112716675
average_epoch_time: 1.124066343307495
