train_loss: 0.5436275601387024
train_accuracy: 0.7402904629707336
train_precision: 0.7220735549926758
train_recall: 0.753314733505249
train_auc: 0.8033786416053772
val_loss: 0.5623385310173035
val_accuracy: 0.719351589679718
val_precision: 0.6855940818786621
val_recall: 0.7188533544540405
val_auc: 0.7861488461494446
test_loss: 0.5568763017654419
test_accuracy: 0.7437974810600281
test_precision: 0.7317073345184326
test_recall: 0.7484407424926758
test_auc: 0.7895189523696899
