train_loss: 0.36272862553596497
train_mse: 0.36272862553596497
train_mae: 0.4250454008579254
train_rmse: 0.6022695899009705
train_r2: 0.7052321434020996
val_loss: 0.3769521713256836
val_mse: 0.3769521713256836
val_mae: 0.431527316570282
val_rmse: 0.613964319229126
val_r2: 0.6984802484512329
test_loss: 0.3612964451313019
test_mse: 0.3612964451313019
test_mae: 0.4291267693042755
test_rmse: 0.6010794043540955
test_r2: 0.7069666385650635
