train_loss: 0.38349649310112
train_mse: 0.38349649310112
train_mae: 0.43719765543937683
train_rmse: 0.619270920753479
train_r2: 0.6878643035888672
val_loss: 0.3884851932525635
val_mse: 0.3884851932525635
val_mae: 0.4424753189086914
val_rmse: 0.6232858300209045
val_r2: 0.6931501030921936
test_loss: 0.3821578919887543
test_mse: 0.3821578919887543
test_mae: 0.4397166073322296
test_rmse: 0.6181892156600952
test_r2: 0.6897576451301575
