train_loss: 16.253735762376053
train_mse: 16.365360260009766
train_mae: 2.886103630065918
train_rmse: 4.045412063598633
train_r2: 0.8054853081703186
val_loss: 17.296359062194824
val_mse: 17.950176239013672
val_mae: 3.2431232929229736
val_rmse: 4.236764907836914
val_r2: 0.7035277485847473
test_loss: 26.837164878845215
test_mse: 30.92632484436035
test_mae: 3.481886386871338
test_rmse: 5.5611443519592285
test_r2: 0.7086882591247559
min_lr: 0.001
max_lr: 0.06
total_time: 14.77684736251831
average_epoch_time: 0.14776503562927246
