train_loss: 26.693549743065468
train_mse: 26.841920852661133
train_mae: 3.7073915004730225
train_rmse: 5.1809186935424805
train_r2: 0.6809635162353516
val_loss: 27.53534984588623
val_mse: 29.628252029418945
val_mae: 4.157161712646484
val_rmse: 5.443183898925781
val_r2: 0.5106480121612549
test_loss: 39.81376552581787
test_mse: 42.79738235473633
test_mae: 4.732174396514893
test_rmse: 6.541970729827881
test_r2: 0.5968683362007141
min_lr: 0.0002
max_lr: 0.1
total_time: 3.605510711669922
average_epoch_time: 0.036052823066711426
