train_loss: 0.04869410793992151
train_accuracy: 0.9802047722828087
train_precision: 0.980226728476975
train_recall: 0.9802047722828087
train_f1: 0.9802101866429128
val_loss: 0.12357827289120216
val_accuracy: 0.9571263833668956
val_precision: 0.9571541569528715
val_recall: 0.9571263833668956
val_f1: 0.95712443640026
test_loss: 0.12450257902923922
test_accuracy: 0.9577122990602733
test_precision: 0.9577327560289289
test_recall: 0.9577122990602733
test_f1: 0.9577037394268695
min_lr: 1e-05
max_lr: 0.002
total_time: 5299.5440855026245
average_epoch_time: 52.99542607307434
