train_loss: 484.30841064453125
train_mse: 484.30841064453125
train_mae: 20.004348754882812
train_rmse: 22.007007598876953
train_r2: -5.1279826164245605
val_loss: 423.2725830078125
val_mse: 423.2725830078125
val_mae: 19.045385360717773
val_rmse: 20.573589324951172
val_r2: -7.93992805480957
test_loss: 585.3555297851562
test_mse: 585.3555297851562
test_mae: 21.89048194885254
test_rmse: 24.194122314453125
test_r2: -4.58978271484375
