train_loss: 18.994055381188026
train_mse: 19.311901092529297
train_mae: 2.9071292877197266
train_rmse: 4.394530773162842
train_r2: 0.7704634666442871
val_loss: 15.814120769500732
val_mse: 16.767438888549805
val_mae: 2.9532926082611084
val_rmse: 4.09480619430542
val_r2: 0.72306227684021
test_loss: 27.096433401107788
test_mse: 32.37373733520508
test_mae: 3.3556416034698486
test_rmse: 5.689792156219482
test_r2: 0.695054292678833
min_lr: 0.005
max_lr: 0.2
total_time: 9.51688027381897
average_epoch_time: 0.09516676425933839
