train_loss: 0.540349892519077
train_accuracy: 0.7515833151343088
train_precision: 0.784454929227713
train_recall: 0.6918528252299606
train_f1: 0.735249621785174
val_loss: 0.5676380892594656
val_accuracy: 0.7283842794759825
val_precision: 0.7598425196850394
val_recall: 0.671304347826087
val_f1: 0.7128347183748845
test_loss: 0.5399416387081146
test_accuracy: 0.7449781659388647
test_precision: 0.7760910815939279
test_recall: 0.7015437392795884
test_f1: 0.736936936936937
min_lr: 0.0002
max_lr: 0.0015
total_time: 335.2014856338501
average_epoch_time: 3.352010819911957
