train_loss: 0.4750331760280662
train_accuracy: 0.7834680061148722
train_precision: 0.825560877237207
train_recall: 0.7172579938677179
train_f1: 0.7676081096917848
val_loss: 0.50082043144438
val_accuracy: 0.7580786026200873
val_precision: 0.7991967871485943
val_recall: 0.6921739130434783
val_f1: 0.7418452935694315
test_loss: 0.48289961947335136
test_accuracy: 0.7790393013100436
test_precision: 0.8248031496062992
test_recall: 0.7186963979416809
test_f1: 0.768102658111824
min_lr: 0.0006
max_lr: 0.01
total_time: 88.60108733177185
average_epoch_time: 0.8860080885887146
