train_loss: 11.613728376535269
train_mse: 11.643031120300293
train_mae: 2.374476432800293
train_rmse: 3.4121885299682617
train_r2: 0.8616137504577637
val_loss: 19.66599988937378
val_mse: 21.36506462097168
val_mae: 3.443586826324463
val_rmse: 4.6222357749938965
val_r2: 0.6471260786056519
test_loss: 24.033662796020508
test_mse: 26.511459350585938
test_mae: 3.6928229331970215
test_rmse: 5.148928165435791
test_r2: 0.7502742409706116
min_lr: 0.0001
max_lr: 0.003
total_time: 5.09930682182312
average_epoch_time: 0.05099038362503052
