train_loss: 0.4771655864185757
train_accuracy: 0.7832496178204849
train_precision: 0.8209400646605322
train_recall: 0.722952255803767
train_f1: 0.7688366134855014
val_loss: 0.4984330435593923
val_accuracy: 0.759825327510917
val_precision: 0.7964426877470355
val_recall: 0.7008695652173913
val_f1: 0.7456059204440333
test_loss: 0.49221328894297284
test_accuracy: 0.7720524017467248
test_precision: 0.8132295719844358
test_recall: 0.7169811320754716
test_f1: 0.7620783956244302
min_lr: 8e-05
max_lr: 0.002
total_time: 103.17676973342896
average_epoch_time: 1.0317631268501282
