train_loss: 63.637602879450874
train_mse: 64.7323226928711
train_mae: 5.602546215057373
train_rmse: 8.045639991760254
train_r2: 0.23060745000839233
val_loss: 37.29921054840088
val_mse: 40.954612731933594
val_mae: 4.841197967529297
val_rmse: 6.399579048156738
val_r2: 0.32357728481292725
test_loss: 93.81866073608398
test_mse: 95.87474060058594
test_mae: 7.210620880126953
test_rmse: 9.79156494140625
test_r2: 0.0969039797782898
min_lr: 0.005
max_lr: 0.09
total_time: 8.875760078430176
average_epoch_time: 0.08875536441802978
