train_loss: 0.531895476072906
train_accuracy: 0.7359422492401215
train_precision: 0.7383736741909165
train_recall: 0.7073996873371547
train_f1: 0.7225548902195609
val_loss: 0.5298842393582867
val_accuracy: 0.7406281661600811
val_precision: 0.7418604651162791
val_recall: 0.6875
val_f1: 0.7136465324384788
test_loss: 0.5502278054914167
test_accuracy: 0.72165991902834
test_precision: 0.6837209302325581
test_recall: 0.6789838337182448
test_f1: 0.6813441483198146
min_lr: 1e-07
max_lr: 0.0001
total_time: 114.66505694389343
average_epoch_time: 1.1466469979286193
