train_loss: 914.680301259617
train_mse: 914.1975708007812
train_mae: 23.48444938659668
train_rmse: 30.235700607299805
train_r2: 0.9987425552468794
val_loss: 8271.463028186468
val_mse: 8274.2314453125
val_mae: 54.872718811035156
val_rmse: 90.96279907226562
val_r2: 0.9886371674089264
test_loss: 7943.6228151273
test_mse: 7944.87353515625
test_mae: 54.85594940185547
test_rmse: 89.13401794433594
test_r2: 0.9890855465233412
min_lr: 2e-05
max_lr: 0.002
total_time: 683.9432015419006
average_epoch_time: 6.839424488544464
