train_loss: 0.5054951702676168
train_accuracy: 0.768508407949334
train_precision: 0.7996080352768251
train_recall: 0.7148488830486203
train_f1: 0.7548566142460684
val_loss: 0.5140956822368834
val_accuracy: 0.7572052401746725
val_precision: 0.7828571428571428
val_recall: 0.7147826086956521
val_f1: 0.7472727272727273
test_loss: 0.4929048899147246
test_accuracy: 0.7781659388646288
test_precision: 0.8097928436911488
test_recall: 0.7375643224699828
test_f1: 0.7719928186714542
min_lr: 8e-05
max_lr: 0.004
total_time: 277.47335481643677
average_epoch_time: 2.7747298169136045
