train_loss: 26.543532444880558
train_mse: 26.807933807373047
train_mae: 3.951972007751465
train_rmse: 5.177638053894043
train_r2: 0.6813674569129944
val_loss: 26.725645065307617
val_mse: 27.4226016998291
val_mae: 4.145968437194824
val_rmse: 5.236659526824951
val_r2: 0.5470774173736572
test_loss: 37.31691551208496
test_mse: 41.04283142089844
test_mae: 4.681159496307373
test_rmse: 6.406467914581299
test_r2: 0.6133953928947449
min_lr: 0.005
max_lr: 0.2
total_time: 13.878435850143433
average_epoch_time: 0.13878233194351197
