train_loss: 341.75906820345654
train_mse: 341.8437194824219
train_mae: 14.366742134094238
train_rmse: 18.489015579223633
train_r2: 0.9995298066876757
val_loss: 2948.010544210521
val_mse: 2948.582275390625
val_mae: 33.31281661987305
val_rmse: 54.30084991455078
val_r2: 0.995950772346394
test_loss: 3069.413293518996
test_mse: 3069.833984375
test_mae: 33.51686096191406
test_rmse: 55.40608215332031
test_r2: 0.995782744062002
min_lr: 4e-05
max_lr: 0.001
total_time: 3167.0284190177917
average_epoch_time: 31.670270955562593
