train_loss: 0.48854173305961823
train_accuracy: 0.7723302031011138
train_precision: 0.7991319025801784
train_recall: 0.7257993867717915
train_f1: 0.7607023987145644
val_loss: 0.5033583045005798
val_accuracy: 0.7502183406113537
val_precision: 0.7752380952380953
val_recall: 0.7078260869565217
val_f1: 0.7400000000000001
test_loss: 0.4850640230708652
test_accuracy: 0.7668122270742358
test_precision: 0.795880149812734
test_recall: 0.7289879931389366
test_f1: 0.7609668755595345
min_lr: 0.0001
max_lr: 0.04
total_time: 65.39259719848633
average_epoch_time: 0.6539219355583191
