train_loss: 0.46323969402068166
train_accuracy: 0.7855426949115527
train_precision: 0.8137964302942595
train_recall: 0.738939991239597
train_f1: 0.7745638200183653
val_loss: 0.4759277097052998
val_accuracy: 0.7755458515283843
val_precision: 0.8081395348837209
val_recall: 0.7252173913043478
val_f1: 0.764436296975252
test_loss: 0.47110673785209656
test_accuracy: 0.7720524017467248
test_precision: 0.8014981273408239
test_recall: 0.7341337907375644
test_f1: 0.7663384064458371
min_lr: 1e-07
max_lr: 1e-05
total_time: 112.08247756958008
average_epoch_time: 1.1208209347724916
