train_loss: 0.5946054036318049
train_accuracy: 0.6922492401215805
train_precision: 0.7135922330097088
train_recall: 0.6128191766545076
train_f1: 0.6593776282590412
val_loss: 0.5785103459512034
val_accuracy: 0.7041540020263425
val_precision: 0.7171717171717171
val_recall: 0.6120689655172413
val_f1: 0.6604651162790698
test_loss: 0.5880739256258933
test_accuracy: 0.7044534412955465
test_precision: 0.6840731070496083
test_recall: 0.605080831408776
test_f1: 0.6421568627450981
min_lr: 0.0005
max_lr: 0.02
total_time: 230.76687860488892
average_epoch_time: 2.307662856578827
