train_loss: 18.705039978027344
train_mse: 18.705039978027344
train_mae: 2.8953213691711426
train_rmse: 4.32493257522583
train_r2: 0.7839450240135193
val_loss: 14.049599647521973
val_mse: 14.049599647521973
val_mae: 2.8091742992401123
val_rmse: 3.748279571533203
val_r2: 0.7218972444534302
test_loss: 31.812313079833984
test_mse: 31.812313079833984
test_mae: 3.1657540798187256
test_rmse: 5.640240669250488
test_r2: 0.7405819296836853
