train_loss: 0.4872655768843063
train_accuracy: 0.7749508626337628
train_precision: 0.7964497041420119
train_recall: 0.7369689005694262
train_f1: 0.7655556819474463
val_loss: 0.49535735862122643
val_accuracy: 0.7589519650655022
val_precision: 0.7858508604206501
val_recall: 0.7147826086956521
val_f1: 0.7486338797814207
test_loss: 0.486434002717336
test_accuracy: 0.7633187772925765
test_precision: 0.7785714285714286
test_recall: 0.7478559176672385
test_f1: 0.762904636920385
min_lr: 1e-06
max_lr: 0.001
total_time: 93.44237351417542
average_epoch_time: 0.9344191074371337
