train_loss: 0.5238239486873772
train_accuracy: 0.7572614107883817
train_precision: 0.8034188034188035
train_recall: 0.6793692509855453
train_f1: 0.7362050551797793
val_loss: 0.5286134738061163
val_accuracy: 0.7414847161572052
val_precision: 0.7888198757763976
val_recall: 0.662608695652174
val_f1: 0.720226843100189
test_loss: 0.5141113855772548
test_accuracy: 0.7641921397379913
test_precision: 0.80990099009901
test_recall: 0.7015437392795884
test_f1: 0.7518382352941176
min_lr: 1e-07
max_lr: 0.01
total_time: 92.44192266464233
average_epoch_time: 0.9244153189659119
