train_loss: 20.744534819259258
train_mse: 20.74161720275879
train_mae: 3.592730760574341
train_rmse: 4.554296493530273
train_r2: 0.9999714706781933
val_loss: 92.49094710374241
val_mse: 92.49805450439453
val_mae: 6.7610392570495605
val_rmse: 9.61759090423584
val_r2: 0.9998729743184238
test_loss: 95.23766849730826
test_mse: 95.24471282958984
test_mae: 6.786128997802734
test_rmse: 9.759339332580566
test_r2: 0.9998691553532576
min_lr: 8e-05
max_lr: 0.001
total_time: 2725.5843629837036
average_epoch_time: 27.255825543403624
