train_loss: 0.5350144351682355
train_accuracy: 0.7382218844984803
train_precision: 0.7519203413940256
train_recall: 0.6886399166232413
train_f1: 0.718890248878009
val_loss: 0.5327039062976837
val_accuracy: 0.7315096251266464
val_precision: 0.735224586288416
val_recall: 0.6702586206896551
val_f1: 0.7012401352874859
test_loss: 0.5515579804778099
test_accuracy: 0.7257085020242915
test_precision: 0.697560975609756
test_recall: 0.6605080831408776
test_f1: 0.6785290628706999
min_lr: 2e-05
max_lr: 0.01
total_time: 102.50281023979187
average_epoch_time: 1.0250236105918884
