train_loss: 0.5052445844490769
train_accuracy: 0.7653417776807163
train_precision: 0.8199629335451416
train_recall: 0.6782742006132282
train_f1: 0.7424187941987295
val_loss: 0.5162254315283563
val_accuracy: 0.7554585152838428
val_precision: 0.8079331941544885
val_recall: 0.6730434782608695
val_f1: 0.7343453510436432
test_loss: 0.5010907376805941
test_accuracy: 0.7703056768558952
test_precision: 0.8305785123966942
test_recall: 0.6895368782161235
test_f1: 0.7535145267104031
min_lr: 0.001
max_lr: 0.01
total_time: 388.3914511203766
average_epoch_time: 3.883911066055298
