train_loss: 0.2600700259208679
train_mse: 0.2600700259208679
train_mae: 0.3452755808830261
train_rmse: 0.5099706053733826
train_r2: 0.7917128801345825
val_loss: 0.2802658677101135
val_mse: 0.2802658677101135
val_mae: 0.35686078667640686
val_rmse: 0.529401421546936
val_r2: 0.7685429453849792
test_loss: 0.27445003390312195
test_mse: 0.27445003390312195
test_mae: 0.3546234369277954
test_rmse: 0.5238797664642334
test_r2: 0.7926663160324097
