train_loss: 0.5304825616027662
train_accuracy: 0.744807497467072
train_precision: 0.7453566621803499
train_recall: 0.7214695153725899
train_f1: 0.7332185886402753
val_loss: 0.5278990672480676
val_accuracy: 0.7426545086119554
val_precision: 0.7441860465116279
val_recall: 0.6896551724137931
val_f1: 0.7158836689038032
test_loss: 0.5548993675939499
test_accuracy: 0.729757085020243
test_precision: 0.6957547169811321
test_recall: 0.6812933025404158
test_f1: 0.6884480746791132
min_lr: 0.003
max_lr: 0.01
total_time: 101.60208177566528
average_epoch_time: 1.0160165882110597
