train_loss: 6.78284399326031
train_mse: 6.749764442443848
train_mae: 1.964998483657837
train_rmse: 2.5980308055877686
train_r2: 0.9197739362716675
val_loss: 14.199424266815186
val_mse: 14.946247100830078
val_mae: 2.6907923221588135
val_rmse: 3.866037607192993
val_r2: 0.7531418204307556
test_loss: 10.370020151138306
test_mse: 11.618524551391602
test_mae: 2.4228971004486084
test_rmse: 3.4085958003997803
test_r2: 0.8905588388442993
min_lr: 0.0001
max_lr: 0.002
total_time: 19.56422448158264
average_epoch_time: 0.1956397294998169
