train_loss: 0.5255765218725089
train_accuracy: 0.7488601823708206
train_precision: 0.7588612894222718
train_recall: 0.708441896821261
train_f1: 0.7327853389031128
val_loss: 0.5389207707297418
val_accuracy: 0.7426545086119554
val_precision: 0.7441860465116279
val_recall: 0.6896551724137931
val_f1: 0.7158836689038032
test_loss: 0.6529995222245494
test_accuracy: 0.7176113360323887
test_precision: 0.6807511737089202
test_recall: 0.6697459584295612
test_f1: 0.6752037252619325
min_lr: 1e-07
max_lr: 0.002
total_time: 891.0383825302124
average_epoch_time: 8.910379860401154
