train_loss: 5.360949974793654
train_mse: 5.444564342498779
train_mae: 1.70294988155365
train_rmse: 2.3333590030670166
train_r2: 0.9352872371673584
val_loss: 11.962332725524902
val_mse: 12.71052360534668
val_mae: 2.7295868396759033
val_rmse: 3.5651822090148926
val_r2: 0.7900679111480713
test_loss: 11.699180603027344
test_mse: 13.006311416625977
test_mae: 2.6123790740966797
test_rmse: 3.606426477432251
test_r2: 0.877486526966095
min_lr: 0.0001
max_lr: 0.002
total_time: 19.94844627380371
average_epoch_time: 0.1994815945625305
