train_loss: 0.47903177775572403
train_accuracy: 0.7803013758462546
train_precision: 0.816089108910891
train_recall: 0.7220762155059133
train_f1: 0.7662096211945154
val_loss: 0.5014155358076096
val_accuracy: 0.7537117903930131
val_precision: 0.7855750487329435
val_recall: 0.7008695652173913
val_f1: 0.7408088235294119
test_loss: 0.4858342053161727
test_accuracy: 0.7764192139737991
test_precision: 0.816247582205029
test_recall: 0.7238421955403087
test_f1: 0.7672727272727272
min_lr: 1e-05
max_lr: 0.008
total_time: 108.3593361377716
average_epoch_time: 1.0835908007621766
