train_loss: 0.5246872296217482
train_accuracy: 0.7410081053698075
train_precision: 0.7431516137781394
train_recall: 0.7139134966128192
train_f1: 0.7282392026578073
val_loss: 0.5468620657920837
val_accuracy: 0.7325227963525835
val_precision: 0.7325581395348837
val_recall: 0.6788793103448276
val_f1: 0.7046979865771812
test_loss: 0.5790007873888938
test_accuracy: 0.7044534412955465
test_precision: 0.6643356643356644
test_recall: 0.6581986143187067
test_f1: 0.6612529002320185
min_lr: 1e-07
max_lr: 0.0001
total_time: 98.79775547981262
average_epoch_time: 0.987972993850708
