train_loss: 634.3982346723527
train_mse: 634.6480102539062
train_mae: 19.73926544189453
train_rmse: 25.19222068786621
train_r2: 0.9991270653512248
val_loss: 817.3007793910613
val_mse: 817.2061157226562
val_mae: 22.100549697875977
val_rmse: 28.586816787719727
val_r2: 0.9988777476834394
test_loss: 831.7722985901809
test_mse: 831.7626342773438
test_mae: 22.303024291992188
test_rmse: 28.840295791625977
test_r2: 0.9988573467140862
min_lr: 2e-05
max_lr: 0.0004
total_time: 1535.226116657257
average_epoch_time: 15.352242534160615
