train_loss: 35581.18277085977
train_mse: 35540.8359375
train_mae: 144.28179931640625
train_rmse: 188.52276611328125
train_r2: 0.9511148952497819
val_loss: 38211.74761064404
val_mse: 38203.48828125
val_mae: 146.80029296875
val_rmse: 195.45712280273438
val_r2: 0.9475359316263658
test_loss: 38146.55175285533
test_mse: 38140.30859375
test_mae: 147.78738403320312
test_rmse: 195.29544067382812
test_r2: 0.9476038642317313
min_lr: 0.0001
max_lr: 0.01
total_time: 2101.9646215438843
average_epoch_time: 21.01962913751602
