train_loss: 0.5344366486738568
train_accuracy: 0.7389817629179332
train_precision: 0.7807266982622433
train_recall: 0.6438249088066701
train_f1: 0.7056975581893474
val_loss: 0.5349202377180899
val_accuracy: 0.7436676798378926
val_precision: 0.784366576819407
val_recall: 0.6271551724137931
val_f1: 0.6970059880239521
test_loss: 0.5486125446134998
test_accuracy: 0.7226720647773279
test_precision: 0.712
test_recall: 0.6166281755196305
test_f1: 0.6608910891089109
min_lr: 1e-07
max_lr: 0.001
total_time: 94.96585154533386
average_epoch_time: 0.9496537852287292
