train_loss: 0.46842019358578457
train_accuracy: 0.7804105699934484
train_precision: 0.7934757638410291
train_recall: 0.756460797196671
train_f1: 0.7745262921852225
val_loss: 0.48350225802924895
val_accuracy: 0.7641921397379913
val_precision: 0.7829313543599258
val_recall: 0.7339130434782609
val_f1: 0.7576301615798923
test_loss: 0.46668294154935414
test_accuracy: 0.7807860262008733
test_precision: 0.7953736654804271
test_recall: 0.7667238421955404
test_f1: 0.7807860262008733
min_lr: 5e-05
max_lr: 0.003
total_time: 222.18364119529724
average_epoch_time: 2.221832356452942
