train_loss: 4.996269629551814
train_mse: 5.04863166809082
train_mae: 1.6733816862106323
train_rmse: 2.2469160556793213
train_r2: 0.9399932026863098
val_loss: 19.803346157073975
val_mse: 21.421113967895508
val_mae: 3.4140944480895996
val_rmse: 4.628294944763184
val_r2: 0.6462003588676453
test_loss: 22.076436042785645
test_mse: 22.13090705871582
test_mae: 3.431769371032715
test_rmse: 4.704349994659424
test_r2: 0.7915370464324951
min_lr: 1e-06
max_lr: 0.003
total_time: 15.532331228256226
average_epoch_time: 0.15531953811645507
