train_loss: 0.510706909151695
train_accuracy: 0.7562056737588653
train_precision: 0.7505894681687189
train_recall: 0.7464825429911413
train_f1: 0.7485303723056825
val_loss: 0.5270955668341729
val_accuracy: 0.7335359675785208
val_precision: 0.7180043383947939
val_recall: 0.7133620689655172
val_f1: 0.7156756756756757
test_loss: 0.5581067098725226
test_accuracy: 0.7145748987854251
test_precision: 0.6637744034707158
test_recall: 0.7066974595842956
test_f1: 0.6845637583892618
min_lr: 1e-07
max_lr: 2e-05
total_time: 263.11959075927734
average_epoch_time: 2.631191201210022
