train_loss: 82.17255049485426
train_mse: 82.28076934814453
train_mae: 6.3590497970581055
train_rmse: 9.07087516784668
train_r2: 0.022030889987945557
val_loss: 52.846070289611816
val_mse: 58.626338958740234
val_mae: 5.666662693023682
val_rmse: 7.6567840576171875
val_r2: 0.03170400857925415
test_loss: 111.83235931396484
test_mse: 110.53838348388672
test_mae: 7.717030048370361
test_rmse: 10.513723373413086
test_r2: -0.041220784187316895
min_lr: 0.001
max_lr: 0.2
total_time: 14.729987859725952
average_epoch_time: 0.14729713201522826
