train_loss: 13.517173473651592
train_mse: 13.757493019104004
train_mae: 2.3427977561950684
train_rmse: 3.7091095447540283
train_r2: 0.8364818096160889
val_loss: 13.606441497802734
val_mse: 14.39737606048584
val_mae: 2.7509765625
val_rmse: 3.7943873405456543
val_r2: 0.7622072100639343
test_loss: 21.87043023109436
test_mse: 25.856136322021484
test_mae: 2.7786386013031006
test_rmse: 5.084892749786377
test_r2: 0.7564470767974854
min_lr: 1e-05
max_lr: 0.03
total_time: 4.27131462097168
average_epoch_time: 0.04271023750305176
