train_loss: 244.14542429580302
train_mse: 244.08038330078125
train_mae: 12.238941192626953
train_rmse: 15.623071670532227
train_r2: 0.9996642765402806
val_loss: 2689.7904622808933
val_mse: 2690.062255859375
val_mae: 31.658740997314453
val_rmse: 51.86581039428711
val_r2: 0.996305792713765
test_loss: 2971.288250143758
test_mse: 2971.839599609375
test_mae: 32.50127410888672
test_rmse: 54.51457977294922
test_r2: 0.9959173665126243
min_lr: 2e-05
max_lr: 0.0005
total_time: 3111.075754404068
average_epoch_time: 31.11073883295059
