train_loss: 22.305549292394957
train_mse: 22.313701629638672
train_mae: 3.7197563648223877
train_rmse: 4.723738193511963
train_r2: 0.9999693083373059
val_loss: 104.89674911886303
val_mse: 104.91671752929688
val_mae: 6.838448524475098
val_rmse: 10.242886543273926
val_r2: 0.9998559200158216
test_loss: 105.34305067110787
test_mse: 105.3545913696289
test_mae: 6.824941158294678
test_rmse: 10.264238357543945
test_r2: 0.9998552666728178
min_lr: 8e-05
max_lr: 0.001
total_time: 2677.798471212387
average_epoch_time: 26.777968168258667
