train_loss: 0.4592099160783821
train_accuracy: 0.78958287835772
train_precision: 0.8292987272273521
train_recall: 0.7277704774419623
train_f1: 0.7752245421672693
val_loss: 0.5034914943906996
val_accuracy: 0.7554585152838428
val_precision: 0.7955911823647295
val_recall: 0.6904347826086956
val_f1: 0.739292364990689
test_loss: 0.4933486945099301
test_accuracy: 0.7816593886462883
test_precision: 0.8220502901353965
test_recall: 0.7289879931389366
test_f1: 0.7727272727272728
min_lr: 0.0003
max_lr: 0.005
total_time: 106.49137735366821
average_epoch_time: 1.064909348487854
