train_loss: 0.3387700915336609
train_mse: 0.3387700915336609
train_mae: 0.4026964604854584
train_rmse: 0.5820395946502686
train_r2: 0.7320045232772827
val_loss: 0.3624289929866791
val_mse: 0.3624289929866791
val_mae: 0.4131356477737427
val_rmse: 0.6020207405090332
val_r2: 0.7082460522651672
test_loss: 0.3864206373691559
test_mse: 0.3864206373691559
test_mae: 0.41518130898475647
test_rmse: 0.6216273903846741
test_r2: 0.7085447907447815
