train_loss: 0.5382752557273819
train_accuracy: 0.7379685916919959
train_precision: 0.7205185739217153
train_recall: 0.7529963522668056
train_f1: 0.7363995413428462
val_loss: 0.5364995733384164
val_accuracy: 0.7406281661600811
val_precision: 0.7139917695473251
val_recall: 0.7478448275862069
val_f1: 0.7305263157894737
test_loss: 0.5598170074724382
test_accuracy: 0.729757085020243
test_precision: 0.6707818930041153
test_recall: 0.7528868360277137
test_f1: 0.7094668117519043
min_lr: 2e-05
max_lr: 0.04
total_time: 272.0264883041382
average_epoch_time: 2.720261070728302
