train_loss: 0.4645157228741381
train_accuracy: 0.7868530246778772
train_precision: 0.8100094876660342
train_recall: 0.7479194042925975
train_f1: 0.7777271692097472
val_loss: 0.47940177387661403
val_accuracy: 0.7694323144104803
val_precision: 0.7917448405253283
val_recall: 0.7339130434782609
val_f1: 0.7617328519855596
test_loss: 0.4575477573606703
test_accuracy: 0.7842794759825328
test_precision: 0.8088235294117647
test_recall: 0.7547169811320755
test_f1: 0.7808340727595386
min_lr: 2e-05
max_lr: 0.003
total_time: 95.25165247917175
average_epoch_time: 0.9525120639801026
