train_loss: 0.48272939280765814
train_accuracy: 0.771129067481983
train_precision: 0.8050889328063241
train_recall: 0.7137538326763031
train_f1: 0.7566751799396331
val_loss: 0.521831607653035
val_accuracy: 0.74235807860262
val_precision: 0.7788844621513944
val_recall: 0.68
val_f1: 0.7260909935004642
test_loss: 0.5113229677081108
test_accuracy: 0.7467248908296943
test_precision: 0.777988614800759
test_recall: 0.7032590051457976
test_f1: 0.7387387387387389
min_lr: 1e-07
max_lr: 0.002
total_time: 92.76494717597961
average_epoch_time: 0.9276451659202576
