train_loss: 0.5407303081832917
train_accuracy: 0.7297365754812564
train_precision: 0.7441260744985674
train_recall: 0.6766545075560187
train_f1: 0.7087882096069869
val_loss: 0.5450604096535714
val_accuracy: 0.7304964539007093
val_precision: 0.7313084112149533
val_recall: 0.6745689655172413
val_f1: 0.7017937219730942
test_loss: 0.5636650285413188
test_accuracy: 0.7176113360323887
test_precision: 0.6842105263157895
test_recall: 0.6605080831408776
test_f1: 0.6721504112808461
min_lr: 1e-05
max_lr: 0.002
total_time: 88.28460121154785
average_epoch_time: 0.8828409624099731
