train_loss: 12.782386119549091
train_mse: 12.805591583251953
train_mae: 2.3591995239257812
train_rmse: 3.5784900188446045
train_r2: 0.847795844078064
val_loss: 14.032262325286865
val_mse: 14.696249961853027
val_mae: 2.8134117126464844
val_rmse: 3.833568811416626
val_r2: 0.757270872592926
test_loss: 16.286290884017944
test_mse: 19.10858154296875
test_mae: 2.606933355331421
test_rmse: 4.371336460113525
test_r2: 0.8200059533119202
min_lr: 1e-06
max_lr: 0.01
total_time: 5.248279809951782
average_epoch_time: 0.05248013257980347
