train_loss: 17.727198674128605
train_mse: 17.95161247253418
train_mae: 2.949873924255371
train_rmse: 4.236934185028076
train_r2: 0.7866315245628357
val_loss: 17.935263633728027
val_mse: 18.798871994018555
val_mae: 3.245668888092041
val_rmse: 4.335766792297363
val_r2: 0.6895103454589844
test_loss: 24.129313230514526
test_mse: 28.8720760345459
test_mae: 3.146310329437256
test_rmse: 5.373274326324463
test_r2: 0.7280383110046387
min_lr: 0.0001
max_lr: 0.04
total_time: 4.715609312057495
average_epoch_time: 0.0471531343460083
