train_loss: 0.5494794908322786
train_accuracy: 0.7282168186423505
train_precision: 0.7364449413079933
train_recall: 0.6865554976550287
train_f1: 0.7106256742179072
val_loss: 0.5437927496048712
val_accuracy: 0.7284701114488349
val_precision: 0.723744292237443
val_recall: 0.6831896551724138
val_f1: 0.7028824833702882
test_loss: 0.5576725602149963
test_accuracy: 0.7206477732793523
test_precision: 0.6838407494145199
test_recall: 0.674364896073903
test_f1: 0.6790697674418604
min_lr: 2e-05
max_lr: 0.001
total_time: 269.73072600364685
average_epoch_time: 2.6973023986816407
