train_loss: 2505.3018720597784
train_mse: 2505.927734375
train_mae: 39.05735397338867
train_rmse: 50.059242248535156
train_r2: 0.9965531899601496
val_loss: 3666.3169564958757
val_mse: 3666.550048828125
val_mae: 45.67845916748047
val_rmse: 60.55204391479492
val_r2: 0.9949648020879963
test_loss: 3781.8799137948126
test_mse: 3781.748046875
test_mae: 46.16614532470703
test_rmse: 61.49591827392578
test_r2: 0.9948047355257867
min_lr: 0.0001
max_lr: 0.004
total_time: 2312.2909066677094
average_epoch_time: 23.122886884212495
