train_loss: 0.5394483054215126
train_accuracy: 0.7331560283687943
train_precision: 0.7272249934365975
train_recall: 0.7217300677436165
train_f1: 0.7244671112854715
val_loss: 0.5309745582842058
val_accuracy: 0.7406281661600811
val_precision: 0.7270742358078602
val_recall: 0.7176724137931034
val_f1: 0.7223427331887202
test_loss: 0.5424383744116752
test_accuracy: 0.7165991902834008
test_precision: 0.6681318681318681
test_recall: 0.7020785219399538
test_f1: 0.6846846846846847
min_lr: 5e-05
max_lr: 0.003
total_time: 241.61962461471558
average_epoch_time: 2.416193654537201
