train_loss: 0.5226908403058206
train_accuracy: 0.7443009118541033
train_precision: 0.7623305451398904
train_recall: 0.6886399166232413
train_f1: 0.7236139630390144
val_loss: 0.5268758423626423
val_accuracy: 0.7467071935157041
val_precision: 0.7635467980295566
val_recall: 0.6681034482758621
val_f1: 0.7126436781609196
test_loss: 0.5495002120733261
test_accuracy: 0.7206477732793523
test_precision: 0.6864608076009501
test_recall: 0.6674364896073903
test_f1: 0.6768149882903981
min_lr: 0.0001
max_lr: 0.01
total_time: 61.62396478652954
average_epoch_time: 0.616236355304718
