train_loss: 21626.93098194103
train_mse: 21628.47265625
train_mae: 112.57088470458984
train_rmse: 147.06622314453125
train_r2: 0.9702508416566812
val_loss: 25196.3447761342
val_mse: 25192.28515625
val_mae: 118.4503173828125
val_rmse: 158.7207794189453
val_r2: 0.9654039538514659
test_loss: 25895.911772287436
test_mse: 25896.751953125
test_mae: 120.67354583740234
test_rmse: 160.9246826171875
test_r2: 0.9644237338404316
min_lr: 0.0001
max_lr: 0.005
total_time: 2684.93096780777
average_epoch_time: 26.849291565418245
