train_loss: 16.051377516526443
train_mse: 16.207778930664062
train_mae: 2.7913873195648193
train_rmse: 4.025888442993164
train_r2: 0.8073582649230957
val_loss: 17.066397666931152
val_mse: 17.038999557495117
val_mae: 3.0141191482543945
val_rmse: 4.127832412719727
val_r2: 0.7185771465301514
test_loss: 22.80350971221924
test_mse: 27.335636138916016
test_mae: 3.110088586807251
test_rmse: 5.228349208831787
test_r2: 0.7425109148025513
min_lr: 0.003
max_lr: 0.2
total_time: 11.624755620956421
average_epoch_time: 0.11624207735061645
