train_loss: 0.4104182323654252
train_accuracy: 0.8300312601520194
train_precision: 0.8287619803317933
train_recall: 0.8300312601520194
train_f1: 0.8274396642199365
val_loss: 0.42677900654628936
val_accuracy: 0.8226536548424296
val_precision: 0.8215017648823817
val_recall: 0.8226536548424296
val_f1: 0.8198306589147155
test_loss: 0.42078408073748785
test_accuracy: 0.82597845168841
test_precision: 0.8250553721018825
test_recall: 0.82597845168841
test_f1: 0.8233535517818181
min_lr: 1e-07
max_lr: 0.001
total_time: 1286.3848826885223
average_epoch_time: 12.863837249279023
