train_loss: 0.3097950996059744
train_accuracy: 0.8758199604568758
train_precision: 0.875120635850754
train_recall: 0.8758199604568758
train_f1: 0.8748585147619659
val_loss: 0.32575852591298227
val_accuracy: 0.8679885027796423
val_precision: 0.8670905587104496
val_recall: 0.8679885027796423
val_f1: 0.8669254983430169
test_loss: 0.3198651670753168
test_accuracy: 0.872723830504974
test_precision: 0.8722425076488163
test_recall: 0.872723830504974
test_f1: 0.8716636685893134
min_lr: 1e-07
max_lr: 0.007
total_time: 1285.338428735733
average_epoch_time: 12.853377118110657
