train_loss: 0.5393407483573868
train_accuracy: 0.7302431610942249
train_precision: 0.7441395082904517
train_recall: 0.6782178217821783
train_f1: 0.7096510359869138
val_loss: 0.5386715858213363
val_accuracy: 0.7345491388044579
val_precision: 0.7427884615384616
val_recall: 0.665948275862069
val_f1: 0.7022727272727273
test_loss: 0.5588085353374481
test_accuracy: 0.72165991902834
test_precision: 0.6926829268292682
test_recall: 0.6558891454965358
test_f1: 0.6737841043890866
min_lr: 5e-06
max_lr: 0.001
total_time: 193.90769720077515
average_epoch_time: 1.9390733599662782
