train_loss: 0.20493830219608636
train_accuracy: 0.9199649748606417
train_precision: 0.9197279627296752
train_recall: 0.9199649748606417
train_f1: 0.9195034450363502
val_loss: 0.22263998781138056
val_accuracy: 0.9130307567855975
val_precision: 0.912721785604559
val_recall: 0.9130307567855975
val_f1: 0.9124365953956844
test_loss: 0.2187223735261331
test_accuracy: 0.9144951980998933
test_precision: 0.9143428646305735
test_recall: 0.9144951980998933
test_f1: 0.9140440864751284
min_lr: 1e-07
max_lr: 0.005
total_time: 2656.63836479187
average_epoch_time: 26.566366059780123
