train_loss: 0.4822315573692322
train_mse: 0.4822315573692322
train_mae: 0.5141420364379883
train_rmse: 0.6944289207458496
train_r2: 0.6118369698524475
val_loss: 0.509125828742981
val_mse: 0.509125828742981
val_mae: 0.5265830755233765
val_rmse: 0.7135305404663086
val_r2: 0.6070765852928162
test_loss: 0.46791261434555054
test_mse: 0.46791261434555054
test_mae: 0.5108104944229126
test_rmse: 0.6840413808822632
test_r2: 0.6275721788406372
