train_loss: 0.1188968704994932
train_accuracy: 0.9483852507158854
train_precision: 0.9484600308596156
train_recall: 0.9483852507158854
train_f1: 0.9484097682507486
val_loss: 0.19925704138919645
val_accuracy: 0.9236846181649198
val_precision: 0.9237674609349569
val_recall: 0.9236846181649198
val_f1: 0.9237021322662822
test_loss: 0.1964346646835888
test_accuracy: 0.9254758872327975
test_precision: 0.9255007308453331
test_recall: 0.9254758872327975
test_f1: 0.9254421465340941
min_lr: 1e-06
max_lr: 0.002
total_time: 4414.073792219162
average_epoch_time: 44.1407315826416
