train_loss: 6362.883824382337
train_mse: 6360.69189453125
train_mae: 63.56439208984375
train_rmse: 79.75394439697266
train_r2: 0.9912511110305786
val_loss: 7415.982716826618
val_mse: 7416.388671875
val_mae: 67.45721435546875
val_rmse: 86.11845397949219
val_r2: 0.9898152351379395
test_loss: 7445.758538725412
test_mse: 7445.41259765625
test_mae: 67.3520278930664
test_rmse: 86.28680419921875
test_r2: 0.9897716641426086
min_lr: 7e-05
max_lr: 0.001
total_time: 2965.246085882187
average_epoch_time: 29.652446494102477
