train_loss: 0.5350742716538278
train_accuracy: 0.7360688956433638
train_precision: 0.7200200702458606
train_recall: 0.7477853048462741
train_f1: 0.733640081799591
val_loss: 0.5276642422522267
val_accuracy: 0.7365754812563323
val_precision: 0.7161016949152542
val_recall: 0.728448275862069
val_f1: 0.7222222222222222
test_loss: 0.5467565713390228
test_accuracy: 0.729757085020243
test_precision: 0.676595744680851
test_recall: 0.7344110854503464
test_f1: 0.7043189368770764
min_lr: 3e-05
max_lr: 0.0009
total_time: 251.25675630569458
average_epoch_time: 2.5125631403923037
