train_loss: 14.232290414663462
train_mse: 14.238740921020508
train_mae: 2.5343408584594727
train_rmse: 3.773425579071045
train_r2: 0.8307617902755737
val_loss: 16.441017627716064
val_mse: 17.421937942504883
val_mae: 3.0960400104522705
val_rmse: 4.173959732055664
val_r2: 0.7122523188591003
test_loss: 17.576819896697998
test_mse: 19.83414649963379
test_mae: 3.0571324825286865
test_rmse: 4.453554153442383
test_r2: 0.8131714463233948
min_lr: 5e-05
max_lr: 0.04
total_time: 4.278750896453857
average_epoch_time: 0.04278548002243042
