train_loss: 0.1985359883883615
train_accuracy: 0.9180588155564974
train_precision: 0.9182578198313862
train_recall: 0.9180588155564974
train_f1: 0.9179858563537412
val_loss: 0.21702931393019953
val_accuracy: 0.9090893444174799
val_precision: 0.9092875391543704
val_recall: 0.9090893444174799
val_f1: 0.9089909615236762
test_loss: 0.21542621973393247
test_accuracy: 0.9114488313655296
test_precision: 0.9118096266191464
test_recall: 0.9114488313655296
test_f1: 0.9113863407129438
min_lr: 2e-05
max_lr: 0.001
total_time: 3038.158055782318
average_epoch_time: 30.381568286418915
