train_loss: 0.5230089243915346
train_accuracy: 0.7596636820266434
train_precision: 0.7983850618218521
train_recall: 0.6929478756022777
train_f1: 0.7419392660335327
val_loss: 0.5214926169978248
val_accuracy: 0.7458515283842795
val_precision: 0.784
val_recall: 0.6817391304347826
val_f1: 0.7293023255813954
test_loss: 0.4987972478071849
test_accuracy: 0.7729257641921398
test_precision: 0.8111753371868978
test_recall: 0.7221269296740995
test_f1: 0.7640653357531761
min_lr: 0.002
max_lr: 0.06
total_time: 93.36323738098145
average_epoch_time: 0.9336285448074341
