train_loss: 0.5281748328855645
train_accuracy: 0.736322188449848
train_precision: 0.7434830837493067
train_recall: 0.6985409067222512
train_f1: 0.7203116603976357
val_loss: 0.5469727593083535
val_accuracy: 0.7315096251266464
val_precision: 0.7297921478060047
val_recall: 0.6810344827586207
val_f1: 0.7045707915273133
test_loss: 0.5940383951510152
test_accuracy: 0.7115384615384616
test_precision: 0.6697247706422018
test_recall: 0.674364896073903
test_f1: 0.6720368239355581
min_lr: 1e-07
max_lr: 0.001
total_time: 84.78032207489014
average_epoch_time: 0.8477985310554504
