train_loss: 1.773352861404419
train_accuracy: 0.21612149477005005
train_precision: 0.0
train_recall: 0.0
train_auc: 0.5741822719573975
train_prc: 0.20053590834140778
val_loss: 1.7672629356384277
val_accuracy: 0.21135874092578888
val_precision: 0.0
val_recall: 0.0
val_auc: 0.5896477699279785
val_prc: 0.20516681671142578
test_loss: 1.7736730575561523
test_accuracy: 0.22286124527454376
test_precision: 0.0
test_recall: 0.0
test_auc: 0.5757728219032288
test_prc: 0.2031601071357727
