train_loss: 0.48022716119885445
train_accuracy: 0.7797554051102861
train_precision: 0.7979892447977555
train_recall: 0.7474813841436706
train_f1: 0.7719099852991067
val_loss: 0.5053160985310873
val_accuracy: 0.7589519650655022
val_precision: 0.7763401109057301
val_recall: 0.7304347826086957
val_f1: 0.7526881720430109
test_loss: 0.48051008582115173
test_accuracy: 0.7764192139737991
test_precision: 0.7978142076502732
test_recall: 0.7512864493996569
test_f1: 0.773851590106007
min_lr: 0.003
max_lr: 0.03
total_time: 91.3188066482544
average_epoch_time: 0.9131837844848633
