train_loss: 0.46639047433274966
train_accuracy: 0.7910024022712383
train_precision: 0.788135593220339
train_recall: 0.7943495400788436
train_f1: 0.7912303664921466
val_loss: 0.507980029616091
val_accuracy: 0.759825327510917
val_precision: 0.7525252525252525
val_recall: 0.7773913043478261
val_f1: 0.7647562018819504
test_loss: 0.48102060870991814
test_accuracy: 0.777292576419214
test_precision: 0.7733333333333333
test_recall: 0.7958833619210978
test_f1: 0.7844463229078613
min_lr: 0.0002
max_lr: 0.002
total_time: 342.97554993629456
average_epoch_time: 3.4297513604164123
