train_loss: 0.4814779431455665
train_accuracy: 0.7811749290238044
train_precision: 0.8284615384615385
train_recall: 0.7076215505913273
train_f1: 0.7632884479092843
val_loss: 0.5022015770276388
val_accuracy: 0.7519650655021834
val_precision: 0.7975460122699386
val_recall: 0.6782608695652174
val_f1: 0.7330827067669173
test_loss: 0.4869954552915361
test_accuracy: 0.7755458515283843
test_precision: 0.8273092369477911
test_recall: 0.7066895368782161
test_f1: 0.7622571692876966
min_lr: 0.0002
max_lr: 0.008
total_time: 658.7687678337097
average_epoch_time: 6.5876801037788395
