train_loss: 0.5032095795700907
train_accuracy: 0.7582320162107397
train_precision: 0.7623062279031819
train_recall: 0.7303282959874935
train_f1: 0.7459747172322022
val_loss: 0.5172366644105604
val_accuracy: 0.7477203647416414
val_precision: 0.7482678983833718
val_recall: 0.6982758620689655
val_f1: 0.7224080267558528
test_loss: 0.549460252446513
test_accuracy: 0.7317813765182186
test_precision: 0.6909090909090909
test_recall: 0.7020785219399538
test_f1: 0.6964490263459335
min_lr: 1e-07
max_lr: 0.002
total_time: 1128.0885887145996
average_epoch_time: 11.28088086605072
