train_loss: 0.5103832490560485
train_accuracy: 0.7599912644682245
train_precision: 0.7995951417004049
train_recall: 0.692071835304424
train_f1: 0.7419582061516788
val_loss: 0.5147125124931335
val_accuracy: 0.7528384279475983
val_precision: 0.7896825396825397
val_recall: 0.6921739130434783
val_f1: 0.7377201112140871
test_loss: 0.5022361982199881
test_accuracy: 0.7572052401746725
test_precision: 0.7915869980879541
test_recall: 0.7101200686106347
test_f1: 0.7486437613019892
min_lr: 1e-05
max_lr: 0.03
total_time: 74.74887204170227
average_epoch_time: 0.7474849748611451
