train_loss: 0.461861440528976
train_accuracy: 0.785433500764359
train_precision: 0.8419668682618985
train_recall: 0.7012702584318878
train_f1: 0.7652049229298601
val_loss: 0.5055818988217248
val_accuracy: 0.7650655021834061
val_precision: 0.8227848101265823
val_recall: 0.6782608695652174
val_f1: 0.7435653002859867
test_loss: 0.480097277296914
test_accuracy: 0.7799126637554585
test_precision: 0.8238747553816047
test_recall: 0.7221269296740995
test_f1: 0.7696526508226691
min_lr: 1e-07
max_lr: 0.0015
total_time: 122.66092443466187
average_epoch_time: 1.226605818271637
