train_loss: 1.319573998451233
train_mse: 1.319573998451233
train_mae: 0.9116959571838379
train_rmse: 1.1487271785736084
train_r2: -0.040142498910427094
val_loss: 1.3685874938964844
val_mse: 1.3685874938964844
val_mae: 0.9252451062202454
val_rmse: 1.1698664426803589
val_r2: -0.03697377070784569
test_loss: 1.323703646659851
test_mse: 1.323703646659851
test_mae: 0.9149291515350342
test_rmse: 1.1505231857299805
test_r2: -0.028635213151574135
