train_loss: 16919.18664055064
train_mse: 16925.58203125
train_mae: 99.18382263183594
train_rmse: 130.09835815429688
train_r2: 0.9767194913678079
val_loss: 21916.663879084706
val_mse: 21918.11328125
val_mae: 109.3586196899414
val_rmse: 148.04766845703125
val_r2: 0.9699003025452856
test_loss: 21076.5700646415
test_mse: 21079.875
test_mae: 107.95015716552734
test_rmse: 145.18910217285156
test_r2: 0.9710410319627617
min_lr: 4e-05
max_lr: 0.0004
total_time: 1323.5926814079285
average_epoch_time: 13.23591493844986
