train_loss: 0.46636750424901646
train_accuracy: 0.7886001310329767
train_precision: 0.8122032288698955
train_recall: 0.749233464739378
train_f1: 0.7794486215538847
val_loss: 0.49688235256407
val_accuracy: 0.7606986899563318
val_precision: 0.783427495291902
val_recall: 0.7234782608695652
val_f1: 0.752260397830018
test_loss: 0.48594381743007237
test_accuracy: 0.7720524017467248
test_precision: 0.7992565055762082
test_recall: 0.7375643224699828
test_f1: 0.7671721677074042
min_lr: 4e-05
max_lr: 0.005
total_time: 102.38995957374573
average_epoch_time: 1.0238948345184327
