train_loss: 12.377877638890194
train_mse: 12.470052719116211
train_mae: 2.379713773727417
train_rmse: 3.5312962532043457
train_r2: 0.8517839908599854
val_loss: 16.051859855651855
val_mse: 16.615646362304688
val_mae: 3.0854296684265137
val_rmse: 4.076229572296143
val_r2: 0.7255693674087524
test_loss: 15.76554560661316
test_mse: 17.883880615234375
test_mae: 2.8658132553100586
test_rmse: 4.228933811187744
test_r2: 0.8315420746803284
min_lr: 1e-06
max_lr: 0.01
total_time: 5.152501583099365
average_epoch_time: 0.05152289628982544
