train_loss: 0.5545717450047312
train_accuracy: 0.7292299898682877
train_precision: 0.6935336976320583
train_recall: 0.7936425221469515
train_f1: 0.7402187120291616
val_loss: 0.5564936351391577
val_accuracy: 0.7163120567375887
val_precision: 0.671003717472119
val_recall: 0.7780172413793104
val_f1: 0.720558882235529
test_loss: 0.5700490830406066
test_accuracy: 0.7004048582995951
test_precision: 0.6304761904761905
test_recall: 0.7644341801385681
test_f1: 0.6910229645093946
min_lr: 1e-05
max_lr: 0.002
total_time: 296.2770953178406
average_epoch_time: 2.962766778469086
