train_loss: 16.536422436053936
train_mse: 15.545233726501465
train_mae: 2.5888400077819824
train_rmse: 3.942744493484497
train_r2: 0.8152331113815308
val_loss: 11.21163034439087
val_mse: 11.746306419372559
val_mae: 2.709467887878418
val_rmse: 3.42728853225708
val_r2: 0.8059933185577393
test_loss: 24.058576107025146
test_mse: 28.504247665405273
test_mae: 2.9775710105895996
test_rmse: 5.338936805725098
test_r2: 0.7315030694007874
min_lr: 1e-06
max_lr: 0.007
total_time: 6.05337929725647
average_epoch_time: 0.060530714988708496
