train_loss: 9.566088144595806
train_mse: 9.583929061889648
train_mae: 2.020564079284668
train_rmse: 3.095792055130005
train_r2: 0.8860877752304077
val_loss: 13.747082710266113
val_mse: 14.101012229919434
val_mae: 2.7906243801116943
val_rmse: 3.755131483078003
val_r2: 0.767102062702179
test_loss: 17.208640098571777
test_mse: 19.41176986694336
test_mae: 2.734621286392212
test_rmse: 4.405879020690918
test_r2: 0.8171500563621521
min_lr: 0.0001
max_lr: 0.04
total_time: 5.068385124206543
average_epoch_time: 0.05068175792694092
