train_loss: 35.08574254696186
train_mse: 35.89046859741211
train_mae: 3.97778582572937
train_rmse: 5.990865230560303
train_r2: 0.57341468334198
val_loss: 23.866739749908447
val_mse: 26.838546752929688
val_mae: 3.584296703338623
val_rmse: 5.180593490600586
val_r2: 0.5567238926887512
test_loss: 56.27836227416992
test_mse: 60.1057243347168
test_mae: 4.732132911682129
test_rmse: 7.752788066864014
test_r2: 0.43383169174194336
min_lr: 0.005
max_lr: 0.08
total_time: 9.285459518432617
average_epoch_time: 0.09285237789154052
