train_loss: 0.5266692638397217
train_accuracy: 0.7428233623504639
train_precision: 0.7260181903839111
train_recall: 0.7526168823242188
train_auc: 0.8172049522399902
val_loss: 0.5640908479690552
val_accuracy: 0.719351589679718
val_precision: 0.6836628317832947
val_recall: 0.7243660688400269
val_auc: 0.788550853729248
test_loss: 0.5549134612083435
test_accuracy: 0.7351898550987244
test_precision: 0.7188434600830078
test_recall: 0.7494802474975586
test_auc: 0.7930690050125122
