train_loss: 0.5451350530632112
train_accuracy: 0.73290273556231
train_precision: 0.7453874538745388
train_recall: 0.6842105263157895
train_f1: 0.7134900149436217
val_loss: 0.5463142433474141
val_accuracy: 0.7193515704154002
val_precision: 0.7274939172749392
val_recall: 0.6443965517241379
val_f1: 0.6834285714285714
test_loss: 0.5604806378964455
test_accuracy: 0.7135627530364372
test_precision: 0.6768867924528302
test_recall: 0.6628175519630485
test_f1: 0.6697782963827305
min_lr: 1e-07
max_lr: 0.0004
total_time: 112.65559816360474
average_epoch_time: 1.1265521597862245
