train_loss: 0.4887293428701806
train_accuracy: 0.7713474557763704
train_precision: 0.7916470033034451
train_recall: 0.734778799824792
train_f1: 0.7621535665606544
val_loss: 0.510332829422421
val_accuracy: 0.7589519650655022
val_precision: 0.7783985102420856
val_recall: 0.7269565217391304
val_f1: 0.751798561151079
test_loss: 0.49627071287896896
test_accuracy: 0.7676855895196506
test_precision: 0.7918968692449355
test_recall: 0.7375643224699828
test_f1: 0.7637655417406749
min_lr: 0.0005
max_lr: 0.004
total_time: 378.8704891204834
average_epoch_time: 3.788701136112213
