train_loss: 0.5771848474919554
train_accuracy: 0.7017477203647416
train_precision: 0.702098664486236
train_recall: 0.6711829077644607
train_f1: 0.6862927933928333
val_loss: 0.5638537695330958
val_accuracy: 0.7244174265450861
val_precision: 0.7211981566820277
val_recall: 0.6745689655172413
val_f1: 0.6971046770601337
test_loss: 0.5747836933981988
test_accuracy: 0.7054655870445344
test_precision: 0.6658878504672897
test_recall: 0.6581986143187067
test_f1: 0.662020905923345
min_lr: 1e-07
max_lr: 0.01
total_time: 88.07535862922668
average_epoch_time: 0.8807487869262696
