train_loss: 0.5451724115412245
train_accuracy: 0.7282168186423505
train_precision: 0.7519356759976177
train_recall: 0.6578947368421053
train_f1: 0.7017787659811006
val_loss: 0.5351190576630254
val_accuracy: 0.7375886524822695
val_precision: 0.759493670886076
val_recall: 0.646551724137931
val_f1: 0.6984866123399301
test_loss: 0.5524032798505598
test_accuracy: 0.7277327935222672
test_precision: 0.7102564102564103
test_recall: 0.6397228637413395
test_f1: 0.6731470230862697
min_lr: 1e-06
max_lr: 0.01
total_time: 88.53331446647644
average_epoch_time: 0.8853299784660339
