train_loss: 0.09968762077382942
train_accuracy: 0.962474909048663
train_precision: 0.9624676955856046
train_recall: 0.962474909048663
train_f1: 0.9624242041894048
val_loss: 0.1626640719890857
val_accuracy: 0.9388306569594327
val_precision: 0.938707500896921
val_recall: 0.9388306569594327
val_f1: 0.9386993783682723
test_loss: 0.16011260042073705
test_accuracy: 0.9407593542390967
test_precision: 0.940598206552669
test_recall: 0.9407593542390967
test_f1: 0.9405858248855093
min_lr: 1e-07
max_lr: 0.001
total_time: 3257.3045659065247
average_epoch_time: 32.57302861690521
