train_loss: 0.5297767337291471
train_accuracy: 0.7426545086119554
train_precision: 0.7448481561822126
train_recall: 0.7157373632100053
train_f1: 0.7300026574541589
val_loss: 0.5309531353414059
val_accuracy: 0.7386018237082067
val_precision: 0.7351598173515982
val_recall: 0.6939655172413793
val_f1: 0.7139689578713969
test_loss: 0.5521002784371376
test_accuracy: 0.7338056680161943
test_precision: 0.6931818181818182
test_recall: 0.7043879907621247
test_f1: 0.6987399770904925
min_lr: 8e-05
max_lr: 0.004
total_time: 90.76998138427734
average_epoch_time: 0.90769451379776
