train_loss: 0.4910500081781726
train_accuracy: 0.7733129504258571
train_precision: 0.7932171455487518
train_recall: 0.7376259307928165
train_f1: 0.7644121652292328
val_loss: 0.5032811984419823
val_accuracy: 0.7615720524017467
val_precision: 0.7849056603773585
val_recall: 0.7234782608695652
val_f1: 0.7529411764705882
test_loss: 0.4860083841615253
test_accuracy: 0.7676855895196506
test_precision: 0.7897623400365631
test_recall: 0.7409948542024014
test_f1: 0.7646017699115044
min_lr: 0.0002
max_lr: 0.01
total_time: 181.25195741653442
average_epoch_time: 1.8125161862373351
