train_loss: 2.6936841836342444
train_mse: 2.626889705657959
train_mae: 1.229955792427063
train_rmse: 1.6207681894302368
train_r2: 0.9687774181365967
val_loss: 11.483800411224365
val_mse: 11.758121490478516
val_mae: 2.411557197570801
val_rmse: 3.429011821746826
val_r2: 0.8057981729507446
test_loss: 9.926007986068726
test_mse: 10.76614761352539
test_mae: 2.1044440269470215
test_rmse: 3.2811808586120605
test_r2: 0.8985878229141235
min_lr: 1e-06
max_lr: 0.005
total_time: 5.914551496505737
average_epoch_time: 0.05914187908172607
