train_loss: 0.5653449296951294
train_accuracy: 0.7022964954376221
train_precision: 0.6652681827545166
train_recall: 0.7745987176895142
train_auc: 0.7806960344314575
val_loss: 0.6074107885360718
val_accuracy: 0.6828774213790894
val_precision: 0.6347075700759888
val_recall: 0.7298787236213684
val_auc: 0.7472903728485107
test_loss: 0.5917560458183289
test_accuracy: 0.701265811920166
test_precision: 0.6715866923332214
test_recall: 0.7567567825317383
test_auc: 0.7570789456367493
