train_loss: 0.5292142052804271
train_accuracy: 0.7427811550151976
train_precision: 0.7473309608540926
train_recall: 0.7113079729025534
train_f1: 0.7288746495794954
val_loss: 0.5306905321776867
val_accuracy: 0.7436676798378926
val_precision: 0.747072599531616
val_recall: 0.6875
val_f1: 0.7160493827160493
test_loss: 0.5493526458740234
test_accuracy: 0.729757085020243
test_precision: 0.6930232558139535
test_recall: 0.6882217090069284
test_f1: 0.6906141367323291
min_lr: 0.0001
max_lr: 0.008
total_time: 63.802584648132324
average_epoch_time: 0.6380213904380798
