train_loss: 27.15447998046875
train_mse: 27.15447998046875
train_mae: 3.524012804031372
train_rmse: 5.210996150970459
train_r2: 0.6800447106361389
val_loss: 29.30759620666504
val_mse: 29.30759620666504
val_mae: 3.9247279167175293
val_rmse: 5.413649082183838
val_r2: 0.32585960626602173
test_loss: 27.876846313476562
test_mse: 27.876846313476562
test_mae: 3.307325839996338
test_rmse: 5.279852867126465
test_r2: 0.6853489875793457
