train_loss: 1.2947348356246948
train_mse: 1.2947348356246948
train_mae: 0.8881098628044128
train_rmse: 1.137864112854004
train_r2: -0.021379943937063217
val_loss: 1.3469635248184204
val_mse: 1.3469635248184204
val_mae: 0.9078522324562073
val_rmse: 1.1605875492095947
val_r2: -0.018206914886832237
test_loss: 1.2977228164672852
test_mse: 1.2977228164672852
test_mae: 0.8974951505661011
test_rmse: 1.139176368713379
test_r2: -0.011264956556260586
