train_loss: 0.4618471261723947
train_accuracy: 0.7872898012666522
train_precision: 0.8302219979818365
train_recall: 0.7207621550591328
train_f1: 0.7716295427901524
val_loss: 0.49902353518539005
val_accuracy: 0.7580786026200873
val_precision: 0.8028455284552846
val_recall: 0.6869565217391305
val_f1: 0.7403936269915652
test_loss: 0.5008307836121983
test_accuracy: 0.7720524017467248
test_precision: 0.8096153846153846
test_recall: 0.7221269296740995
test_f1: 0.7633726201269265
min_lr: 0.0001
max_lr: 0.001
total_time: 222.28831553459167
average_epoch_time: 2.222879011631012
