train_loss: 0.5196207827184258
train_accuracy: 0.7642498362087792
train_precision: 0.7875746714456392
train_recall: 0.7218572054314498
train_f1: 0.7532853388184207
val_loss: 0.5305760511093669
val_accuracy: 0.7502183406113537
val_precision: 0.7731568998109641
val_recall: 0.711304347826087
val_f1: 0.7409420289855072
test_loss: 0.503778352505631
test_accuracy: 0.7676855895196506
test_precision: 0.7918968692449355
test_recall: 0.7375643224699828
test_f1: 0.7637655417406749
min_lr: 0.0001
max_lr: 0.004
total_time: 265.67076444625854
average_epoch_time: 2.6567037415504458
