train_loss: 12.66274015720074
train_mse: 12.162429809570312
train_mae: 2.31146240234375
train_rmse: 3.4874675273895264
train_r2: 0.8554403185844421
val_loss: 15.08998155593872
val_mse: 15.223773956298828
val_mae: 2.8480169773101807
val_rmse: 3.9017655849456787
val_r2: 0.7485580444335938
test_loss: 14.873989582061768
test_mse: 17.19117546081543
test_mae: 2.6574482917785645
test_rmse: 4.146224021911621
test_r2: 0.8380670547485352
min_lr: 1e-05
max_lr: 0.01
total_time: 5.753758907318115
average_epoch_time: 0.05753548145294189
