train_loss: 0.46411064537144703
train_accuracy: 0.786197859794715
train_precision: 0.8221343873517787
train_recall: 0.7288655278142795
train_f1: 0.7726956117947529
val_loss: 0.4978301806582345
val_accuracy: 0.7650655021834061
val_precision: 0.8023715415019763
val_recall: 0.7060869565217391
val_f1: 0.7511563367252544
test_loss: 0.48411933415465885
test_accuracy: 0.7790393013100436
test_precision: 0.822265625
test_recall: 0.7221269296740995
test_f1: 0.7689497716894977
min_lr: 1e-06
max_lr: 0.004
total_time: 72.80549907684326
average_epoch_time: 0.7280527234077454
