train_loss: 15.94916582107544
train_mse: 16.255813598632812
train_mae: 2.6118054389953613
train_rmse: 4.0318498611450195
train_r2: 0.806787371635437
val_loss: 14.505291938781738
val_mse: 15.420392990112305
val_mae: 2.815009593963623
val_rmse: 3.9268808364868164
val_r2: 0.7453106641769409
test_loss: 22.74471664428711
test_mse: 27.124547958374023
test_mae: 2.8382253646850586
test_rmse: 5.208123207092285
test_r2: 0.7444992065429688
min_lr: 0.005
max_lr: 0.2
total_time: 10.080655097961426
average_epoch_time: 0.10080413579940796
