train_loss: 0.4819070553530384
train_accuracy: 0.7738589211618258
train_precision: 0.8192986946506271
train_recall: 0.7010512483574245
train_f1: 0.755576537235926
val_loss: 0.49972937173313564
val_accuracy: 0.7580786026200873
val_precision: 0.805327868852459
val_recall: 0.6834782608695652
val_f1: 0.7394167450611479
test_loss: 0.4902923024362988
test_accuracy: 0.7755458515283843
test_precision: 0.8221343873517787
test_recall: 0.7135506003430532
test_f1: 0.7640036730945822
min_lr: 1e-07
max_lr: 0.0015
total_time: 100.07158708572388
average_epoch_time: 1.000711634159088
