train_loss: 11.956145286560059
train_mse: 11.956145286560059
train_mae: 2.3731956481933594
train_rmse: 3.457766056060791
train_r2: 0.8582680225372314
val_loss: 11.976617813110352
val_mse: 11.976617813110352
val_mae: 2.666656732559204
val_rmse: 3.4607250690460205
val_r2: 0.7482492923736572
test_loss: 24.352514266967773
test_mse: 24.352514266967773
test_mae: 2.8070030212402344
test_rmse: 4.934826850891113
test_r2: 0.8031460046768188
