train_loss: 11.883203946627104
train_mse: 12.069865226745605
train_mae: 2.3999178409576416
train_rmse: 3.4741711616516113
train_r2: 0.8565405607223511
val_loss: 16.406482696533203
val_mse: 16.50730323791504
val_mae: 3.0403544902801514
val_rmse: 4.062918186187744
val_r2: 0.7273588180541992
test_loss: 27.64425039291382
test_mse: 31.520545959472656
test_mae: 3.4803786277770996
test_rmse: 5.614315986633301
test_r2: 0.7030909061431885
total_time: 12.015716314315796
average_epoch_time: 0.19669150524452084
