train_loss: 14410.999029633962
train_mse: 14407.2958984375
train_mae: 92.53035736083984
train_rmse: 120.0303955078125
train_r2: 0.9801833037353234
val_loss: 17697.294113856282
val_mse: 17696.873046875
val_mae: 100.67659759521484
val_rmse: 133.02960205078125
val_r2: 0.9756972477616219
test_loss: 18050.160528037755
test_mse: 18049.95703125
test_mae: 101.37568664550781
test_rmse: 134.35012817382812
test_r2: 0.9752034509466602
min_lr: 5e-06
max_lr: 0.007
total_time: 1622.0436770915985
average_epoch_time: 16.220409870147705
