train_loss: 208.84946665397058
train_mse: 214.8768310546875
train_mae: 2.3092262744903564
train_rmse: 14.65867805480957
train_r2: -1.553973913192749
val_loss: 13.651270866394043
val_mse: 13.741385459899902
val_mae: 2.5427441596984863
val_rmse: 3.706937551498413
val_r2: 0.7730417847633362
test_loss: 13.74008321762085
test_mse: 14.813395500183105
test_mae: 2.793092966079712
test_rmse: 3.8488173484802246
test_r2: 0.8604646325111389
min_lr: 0.003
max_lr: 0.005
total_time: 19.35686945915222
average_epoch_time: 0.19356539487838745
