train_loss: 0.5266125978004594
train_accuracy: 0.7436676798378926
train_precision: 0.7337628865979381
train_recall: 0.7417926003126628
train_f1: 0.7377558953096657
val_loss: 0.5419918394857838
val_accuracy: 0.7345491388044579
val_precision: 0.7176724137931034
val_recall: 0.7176724137931034
val_f1: 0.7176724137931034
test_loss: 0.5655331659701562
test_accuracy: 0.7196356275303644
test_precision: 0.6673819742489271
test_recall: 0.7182448036951501
test_f1: 0.6918798665183538
min_lr: 1e-05
max_lr: 0.0005
total_time: 354.48018288612366
average_epoch_time: 3.5447971487045287
