train_loss: 0.5295705071345032
train_accuracy: 0.7388551165146909
train_precision: 0.7202380952380952
train_recall: 0.7566440854611777
train_f1: 0.737992376111817
val_loss: 0.552048094810978
val_accuracy: 0.7203647416413373
val_precision: 0.6950207468879668
val_recall: 0.7219827586206896
val_f1: 0.7082452431289641
test_loss: 0.5604564903243896
test_accuracy: 0.7196356275303644
test_precision: 0.6618257261410788
test_recall: 0.7367205542725174
test_f1: 0.6972677595628415
min_lr: 1e-07
max_lr: 0.001
total_time: 202.6515598297119
average_epoch_time: 2.0265114545822143
