train_loss: 0.49628105916474996
train_accuracy: 0.7646909827760892
train_precision: 0.7939429928741093
train_recall: 0.6967170401250652
train_f1: 0.7421593116847072
val_loss: 0.5431975039743608
val_accuracy: 0.7203647416413373
val_precision: 0.735
val_recall: 0.6336206896551724
val_f1: 0.6805555555555556
test_loss: 0.56412892860751
test_accuracy: 0.7095141700404858
test_precision: 0.6798029556650246
test_recall: 0.6374133949191686
test_f1: 0.6579261025029798
min_lr: 1e-07
max_lr: 0.001
total_time: 594.7935347557068
average_epoch_time: 5.947929954528808
