train_loss: 0.5629693160696727
train_accuracy: 0.7867438305306835
train_precision: 0.8481215027977618
train_recall: 0.6971090670170828
train_f1: 0.7652362062747926
val_loss: 0.5086246604720751
val_accuracy: 0.759825327510917
val_precision: 0.8177966101694916
val_recall: 0.671304347826087
val_f1: 0.7373447946513849
test_loss: 0.592329838209682
test_accuracy: 0.7737991266375546
test_precision: 0.8360995850622407
test_recall: 0.6912521440823327
test_f1: 0.7568075117370892
min_lr: 0.001
max_lr: 0.004
total_time: 394.2588882446289
average_epoch_time: 3.942584681510925
