train_loss: 0.26540952920913696
train_mse: 0.26540952920913696
train_mae: 0.35696151852607727
train_rmse: 0.5151790976524353
train_r2: 0.7862680554389954
val_loss: 0.28109726309776306
val_mse: 0.28109726309776306
val_mae: 0.36780473589897156
val_rmse: 0.5301860570907593
val_r2: 0.7667776942253113
test_loss: 0.27412405610084534
test_mse: 0.27412405610084534
test_mae: 0.36267513036727905
test_rmse: 0.5235685706138611
test_r2: 0.7912842035293579
