train_loss: 19.762914730952335
train_mse: 18.690622329711914
train_mae: 2.816288948059082
train_rmse: 4.323265075683594
train_r2: 0.7778478264808655
val_loss: 15.320062160491943
val_mse: 15.945672988891602
val_mae: 2.819713830947876
val_rmse: 3.9932034015655518
val_r2: 0.7366349101066589
test_loss: 23.89047861099243
test_mse: 28.303682327270508
test_mae: 3.037698268890381
test_rmse: 5.320120334625244
test_r2: 0.7333923578262329
min_lr: 0.005
max_lr: 0.2
total_time: 11.059693098068237
average_epoch_time: 0.1105937385559082
