train_loss: 0.456440553224876
train_accuracy: 0.7864162480891024
train_precision: 0.8076379066478077
train_recall: 0.7503285151116952
train_f1: 0.7779291553133515
val_loss: 0.4911598389347394
val_accuracy: 0.7606986899563318
val_precision: 0.7823639774859287
val_recall: 0.7252173913043478
val_f1: 0.7527075812274366
test_loss: 0.4945095537437333
test_accuracy: 0.765938864628821
test_precision: 0.7848101265822784
test_recall: 0.7444253859348199
test_f1: 0.7640845070422535
min_lr: 1e-07
max_lr: 0.0001
total_time: 79.25126934051514
average_epoch_time: 0.7925082588195801
