train_loss: 0.04851900628122495
train_accuracy: 0.9809534669079127
train_precision: 0.9809585259773497
train_recall: 0.9809534669079127
train_f1: 0.980947716294369
val_loss: 0.12134160576921596
val_accuracy: 0.9578320510834581
val_precision: 0.9577991498991375
val_recall: 0.9578320510834581
val_f1: 0.9577962408795548
test_loss: 0.12212764632596844
test_accuracy: 0.9585900657464459
test_precision: 0.9586134183464687
test_recall: 0.9585900657464459
test_f1: 0.9585726157560469
min_lr: 1e-05
max_lr: 0.002
total_time: 7565.154984474182
average_epoch_time: 75.65154382228852
