train_loss: 0.1630466656476292
train_accuracy: 0.9355434167582813
train_precision: 0.9354372359344133
train_recall: 0.9355434167582813
train_f1: 0.9353862312169651
val_loss: 0.20245284900594387
val_accuracy: 0.9189686924493554
val_precision: 0.9187187686888257
val_recall: 0.9189686924493554
val_f1: 0.9187237385878774
test_loss: 0.1983813472453193
test_accuracy: 0.9226016316133696
test_precision: 0.9224285334661321
test_recall: 0.9226016316133696
test_f1: 0.9223891037606143
min_lr: 1e-05
max_lr: 0.004
total_time: 2938.5700623989105
average_epoch_time: 29.385680947303772
