train_loss: 9862.511139070928
train_mse: 9867.3056640625
train_mae: 77.79497528076172
train_rmse: 99.33431243896484
train_r2: 0.9864278901882665
val_loss: 11923.055460818528
val_mse: 11922.2236328125
val_mae: 84.03700256347656
val_rmse: 109.18893432617188
val_r2: 0.983627455810318
test_loss: 11980.747888245558
test_mse: 11981.0791015625
test_mae: 83.93789672851562
test_rmse: 109.45811462402344
test_r2: 0.9835407153835555
min_lr: 3e-05
max_lr: 0.01
total_time: 1655.461529970169
average_epoch_time: 16.554591174125672
