train_loss: 0.5200455251239962
train_accuracy: 0.7430344478216818
train_precision: 0.7471986881661656
train_recall: 0.7123501823866597
train_f1: 0.7293584100306789
val_loss: 0.5273399986326694
val_accuracy: 0.7487335359675785
val_precision: 0.7488479262672811
val_recall: 0.7004310344827587
val_f1: 0.7238307349665924
test_loss: 0.5434577316045761
test_accuracy: 0.729757085020243
test_precision: 0.6860986547085202
test_recall: 0.7066974595842956
test_f1: 0.6962457337883959
min_lr: 3e-05
max_lr: 0.003
total_time: 85.19926691055298
average_epoch_time: 0.8519892525672913
