train_loss: 0.04740587915260538
train_accuracy: 0.9815343506687694
train_precision: 0.9815298785758643
train_recall: 0.9815343506687694
train_f1: 0.9815190718879988
val_loss: 0.12269092109341519
val_accuracy: 0.9580902221992736
val_precision: 0.958054247672007
val_recall: 0.9580902221992736
val_f1: 0.9580334661482399
test_loss: 0.11784977608233164
test_accuracy: 0.9589859213107983
test_precision: 0.9589280476042668
test_recall: 0.9589859213107983
test_f1: 0.9589315196870629
min_lr: 5e-06
max_lr: 0.002
total_time: 7455.661148309708
average_epoch_time: 74.5565985417366
