train_loss: 0.5229020028220497
train_accuracy: 0.7494934143870314
train_precision: 0.7447368421052631
train_recall: 0.7373632100052111
train_f1: 0.741031683686829
val_loss: 0.5376836503705671
val_accuracy: 0.7416413373860182
val_precision: 0.732739420935412
val_recall: 0.709051724137931
val_f1: 0.7207009857612268
test_loss: 0.5552763025606832
test_accuracy: 0.7257085020242915
test_precision: 0.6784140969162996
test_recall: 0.7113163972286374
test_f1: 0.6944757609921083
min_lr: 8e-05
max_lr: 0.0004
total_time: 314.51751589775085
average_epoch_time: 3.1451708626747132
