train_loss: 5.789228237592257
train_mse: 5.824734687805176
train_mae: 1.7486799955368042
train_rmse: 2.4134488105773926
train_r2: 0.930768609046936
val_loss: 11.179564952850342
val_mse: 11.074400901794434
val_mae: 2.5319857597351074
val_rmse: 3.327822208404541
val_r2: 0.8170908093452454
test_loss: 14.587746620178223
test_mse: 16.034557342529297
test_mae: 2.7948365211486816
test_rmse: 4.004317283630371
test_r2: 0.8489618301391602
min_lr: 5e-06
max_lr: 0.003
total_time: 5.5871031284332275
average_epoch_time: 0.05586453437805176
