train_loss: 0.5409818011739476
train_accuracy: 0.7378419452887538
train_precision: 0.7421917808219178
train_recall: 0.7058363731109953
train_f1: 0.7235576923076923
val_loss: 0.5341672878111562
val_accuracy: 0.7365754812563323
val_precision: 0.7361111111111112
val_recall: 0.6853448275862069
val_f1: 0.7098214285714286
test_loss: 0.552527682435128
test_accuracy: 0.7145748987854251
test_precision: 0.675990675990676
test_recall: 0.6697459584295612
test_f1: 0.6728538283062645
min_lr: 1e-06
max_lr: 0.002
total_time: 72.00909543037415
average_epoch_time: 0.720085997581482
