train_loss: 2979.8051598253587
train_mse: 2976.141357421875
train_mae: 42.38376998901367
train_rmse: 54.55402374267578
train_r2: 0.9959064278824833
val_loss: 4199.655681164737
val_mse: 4200.26708984375
val_mae: 48.19127655029297
val_rmse: 64.8094711303711
val_r2: 0.9942318603051055
test_loss: 4189.941297192259
test_mse: 4190.4853515625
test_mae: 47.994873046875
test_rmse: 64.73395538330078
test_r2: 0.9942432231566836
min_lr: 0.0003
max_lr: 0.01
total_time: 5824.341219425201
average_epoch_time: 58.24339346408844
