train_loss: 0.534057774851399
train_accuracy: 0.7388551165146909
train_precision: 0.7686025408348457
train_recall: 0.6620635747785305
train_f1: 0.7113661814109743
val_loss: 0.5349796861410141
val_accuracy: 0.7386018237082067
val_precision: 0.7682291666666666
val_recall: 0.6357758620689655
val_f1: 0.6957547169811321
test_loss: 0.5502365455031395
test_accuracy: 0.7206477732793523
test_precision: 0.7017994858611826
test_recall: 0.6304849884526559
test_f1: 0.6642335766423357
min_lr: 0.0001
max_lr: 0.007
total_time: 96.85414791107178
average_epoch_time: 0.9685368824005127
