train_loss: 48.95427703857422
train_mse: 48.95427703857422
train_mae: 4.541904926300049
train_rmse: 6.99673318862915
train_r2: 0.4137621819972992
val_loss: 55.010223388671875
val_mse: 55.010223388671875
val_mae: 5.258592128753662
val_rmse: 7.4168877601623535
val_r2: 0.023758262395858765
test_loss: 53.02202606201172
test_mse: 53.02202606201172
test_mae: 4.829617500305176
test_rmse: 7.281622409820557
test_r2: 0.4064485728740692
