train_loss: 230.13717652335384
train_mse: 230.181640625
train_mae: 11.885424613952637
train_rmse: 15.171738624572754
train_r2: 0.999683393745655
val_loss: 2649.9968274111675
val_mse: 2649.1845703125
val_mae: 30.81712532043457
val_rmse: 51.47023010253906
val_r2: 0.9963619289341843
test_loss: 2617.6691058008805
test_mse: 2618.226806640625
test_mae: 30.86143684387207
test_rmse: 51.16861343383789
test_r2: 0.9964031500415044
min_lr: 5e-05
max_lr: 0.001
total_time: 3033.216686487198
average_epoch_time: 30.332151143550874
