train_loss: 60.98057174682617
train_mse: 60.98057174682617
train_mae: 5.057004928588867
train_rmse: 7.8090057373046875
train_r2: 0.2700941860675812
val_loss: 39.742916107177734
val_mse: 39.742916107177734
val_mae: 4.650747299194336
val_rmse: 6.304198265075684
val_r2: 0.33695825934410095
test_loss: 93.4179916381836
test_mse: 93.4179916381836
test_mae: 6.77997350692749
test_rmse: 9.665298461914062
test_r2: 0.13556087017059326
