train_loss: 5.558237919440637
train_mse: 5.516904354095459
train_mae: 1.8217847347259521
train_rmse: 2.348809242248535
train_r2: 0.9344274401664734
val_loss: 13.238733291625977
val_mse: 14.042649269104004
val_mae: 2.721036911010742
val_rmse: 3.747352361679077
val_r2: 0.7680660486221313
test_loss: 9.892813920974731
test_mse: 10.739465713500977
test_mae: 2.114670515060425
test_rmse: 3.2771124839782715
test_r2: 0.8988391757011414
min_lr: 0.002
max_lr: 0.02
total_time: 14.222303628921509
average_epoch_time: 0.1422209048271179
