train_loss: 0.04738235579842562
train_accuracy: 0.9820700545815593
train_precision: 0.9820796393347285
train_recall: 0.9820700545815593
train_f1: 0.9820655027120634
val_loss: 0.142114176542092
val_accuracy: 0.9515498872652794
val_precision: 0.9515889023948564
val_recall: 0.9515498872652794
val_f1: 0.9515124507960321
test_loss: 0.1415263906629994
test_accuracy: 0.9528931878420709
test_precision: 0.9529489994244968
test_recall: 0.9528931878420709
test_f1: 0.9528548296516504
min_lr: 1e-06
max_lr: 0.002
total_time: 4432.071091413498
average_epoch_time: 44.32069738864899
