train_loss: 0.5271438393862017
train_accuracy: 0.7444275582573455
train_precision: 0.7487698195735375
train_recall: 0.7136529442417926
train_f1: 0.7307897545357525
val_loss: 0.5286942049860954
val_accuracy: 0.7467071935157041
val_precision: 0.75
val_recall: 0.6918103448275862
val_f1: 0.7197309417040358
test_loss: 0.5551669076085091
test_accuracy: 0.7196356275303644
test_precision: 0.6788990825688074
test_recall: 0.6836027713625866
test_f1: 0.6812428078250863
min_lr: 8e-05
max_lr: 0.003
total_time: 85.86923861503601
average_epoch_time: 0.8586889696121216
