train_loss: 18.37143171750582
train_mse: 18.48512840270996
train_mae: 3.050995111465454
train_rmse: 4.299433708190918
train_r2: 0.7802902460098267
val_loss: 25.11693000793457
val_mse: 26.813127517700195
val_mae: 3.7307634353637695
val_rmse: 5.1781392097473145
val_r2: 0.5571436882019043
test_loss: 21.295615196228027
test_mse: 22.106266021728516
test_mae: 3.633237600326538
test_rmse: 4.701730251312256
test_r2: 0.7917691469192505
min_lr: 1e-05
max_lr: 0.03
total_time: 4.803671360015869
average_epoch_time: 0.04803311824798584
