train_loss: 0.07284397753863288
train_accuracy: 0.9708998750024204
train_precision: 0.9709621634033548
train_recall: 0.9708998750024204
train_f1: 0.9708971349311698
val_loss: 0.13890898926798992
val_accuracy: 0.9470577098500886
val_precision: 0.9471338506929414
val_recall: 0.9470577098500886
val_f1: 0.9470332739447747
test_loss: 0.13673337832880966
test_accuracy: 0.9495714433238098
test_precision: 0.9496833669833079
test_recall: 0.9495714433238098
test_f1: 0.9495521196889382
min_lr: 1e-05
max_lr: 0.001
total_time: 4516.765743017197
average_epoch_time: 45.16764696121216
