train_loss: 0.6849161083274602
train_accuracy: 0.5014195239135182
train_precision: 0.0
train_recall: 0.0
train_f1: 0.0
val_loss: 0.686027318239212
val_accuracy: 0.4978165938864629
val_precision: 0.0
val_recall: 0.0
val_f1: 0.0
test_loss: 0.6859875056478713
test_accuracy: 0.4908296943231441
test_precision: 0.0
test_recall: 0.0
test_f1: 0.0
min_lr: 1e-07
max_lr: 0.0002
total_time: 74.30090308189392
average_epoch_time: 0.7430052232742309
