train_loss: 0.46700306418465404
train_accuracy: 0.786962218825071
train_precision: 0.839875227449961
train_recall: 0.7076215505913273
train_f1: 0.7680969927493166
val_loss: 0.4852006369166904
val_accuracy: 0.7685589519650655
val_precision: 0.8297872340425532
val_recall: 0.6782608695652174
val_f1: 0.7464114832535886
test_loss: 0.4809907741016812
test_accuracy: 0.7834061135371179
test_precision: 0.8383838383838383
test_recall: 0.7118353344768439
test_f1: 0.7699443413729127
min_lr: 1e-07
max_lr: 0.0003
total_time: 123.44083738327026
average_epoch_time: 1.2344046282768248
