train_loss: 1.5360720982918372
train_mse: 1.5515447854995728
train_mae: 0.9789682626724243
train_rmse: 1.245610237121582
train_r2: 0.9815587401390076
val_loss: 11.971702098846436
val_mse: 12.4038667678833
val_mae: 2.5505592823028564
val_rmse: 3.5219123363494873
val_r2: 0.7951327562332153
test_loss: 11.185127258300781
test_mse: 11.997892379760742
test_mae: 2.458223581314087
test_rmse: 3.4637973308563232
test_r2: 0.8869853615760803
min_lr: 0.0005
max_lr: 0.003
total_time: 10.884434223175049
average_epoch_time: 0.10884081840515136
