train_loss: 0.5314438683301331
train_accuracy: 0.7394883485309017
train_precision: 0.7419179570768812
train_recall: 0.7115685252735799
train_f1: 0.7264263864875649
val_loss: 0.5413389571251408
val_accuracy: 0.7325227963525835
val_precision: 0.7262443438914027
val_recall: 0.6918103448275862
val_f1: 0.7086092715231788
test_loss: 0.5560049664589667
test_accuracy: 0.701417004048583
test_precision: 0.658256880733945
test_recall: 0.6628175519630485
test_f1: 0.6605293440736478
min_lr: 2e-05
max_lr: 0.002
total_time: 203.7149314880371
average_epoch_time: 2.037145321369171
