train_loss: 0.4900753467963548
train_accuracy: 0.7701463201572396
train_precision: 0.8037521599605035
train_recall: 0.7130968024529128
train_f1: 0.7557154462109783
val_loss: 0.5111365723941061
val_accuracy: 0.7563318777292577
val_precision: 0.7936507936507936
val_recall: 0.6956521739130435
val_f1: 0.7414272474513438
test_loss: 0.4917973031600316
test_accuracy: 0.7694323144104803
test_precision: 0.8049713193116634
test_recall: 0.7221269296740995
test_f1: 0.7613019891500904
min_lr: 0.0001
max_lr: 0.002
total_time: 275.98643469810486
average_epoch_time: 2.7598606538772583
