train_loss: 1289.7844042318122
train_mse: 1290.0032958984375
train_mae: 27.897422790527344
train_rmse: 35.9166145324707
train_r2: 0.9982256293296814
val_loss: 6770.98846838317
val_mse: 6772.67431640625
val_mae: 52.53716278076172
val_rmse: 82.29625701904297
val_r2: 0.9906992316246033
test_loss: 6745.804616860327
test_mse: 6747.23046875
test_mae: 52.96022415161133
test_rmse: 82.14152526855469
test_r2: 0.9907308220863342
min_lr: 4e-05
max_lr: 0.002
total_time: 1601.36265873909
average_epoch_time: 16.013606712818145
