train_loss: 0.3927096835612463
train_accuracy: 0.8399041326652453
train_precision: 0.8382913473147857
train_recall: 0.8399041326652453
train_f1: 0.8374359263191389
val_loss: 0.40168401782733226
val_accuracy: 0.8342369322386878
val_precision: 0.8323113112365467
val_recall: 0.8342369322386878
val_f1: 0.8313131970442251
test_loss: 0.4013948279067808
test_accuracy: 0.8339471963099377
test_precision: 0.8324948082555613
test_recall: 0.8339471963099377
test_f1: 0.8311953569273149
min_lr: 1e-07
max_lr: 0.015
total_time: 1805.1972234249115
average_epoch_time: 18.051957309246063
