train_loss: 5.737363338470459
train_mse: 5.737363338470459
train_mae: 1.7091094255447388
train_rmse: 2.3952794075012207
train_r2: 0.9260962605476379
val_loss: 12.232815742492676
val_mse: 12.232815742492676
val_mae: 2.451734781265259
val_rmse: 3.497544288635254
val_r2: 0.4500962495803833
test_loss: 11.731295585632324
test_mse: 11.731295585632324
test_mae: 2.4526615142822266
test_rmse: 3.425097942352295
test_r2: 0.8733663558959961
