train_loss: 0.5630656703157835
train_accuracy: 0.7539871215918796
train_precision: 0.7480141448074954
train_recall: 0.7539871215918796
train_f1: 0.747412008821252
val_loss: 0.571768655847873
val_accuracy: 0.7487134472728525
val_precision: 0.7419238322819065
val_recall: 0.7487134472728525
val_f1: 0.7421550434055635
test_loss: 0.5736957152378191
test_accuracy: 0.7494062166534715
test_precision: 0.7428140252504748
test_recall: 0.7494062166534715
test_f1: 0.7425787504015212
min_lr: 2e-05
max_lr: 0.02
total_time: 2371.9905185699463
average_epoch_time: 23.719898407459258
