train_loss: 3.7808570861816406
train_mse: 3.7808570861816406
train_mae: 1.5307843685150146
train_rmse: 1.944442629814148
train_r2: 0.949243426322937
val_loss: 8.329200744628906
val_mse: 8.329200744628906
val_mae: 2.1798899173736572
val_rmse: 2.886035442352295
val_r2: 0.658990740776062
test_loss: 8.236045837402344
test_mse: 8.236045837402344
test_mae: 2.15480375289917
test_rmse: 2.8698511123657227
test_r2: 0.9004876613616943
