train_loss: 4.805065136689406
train_mse: 4.844162940979004
train_mae: 1.67909574508667
train_rmse: 2.2009458541870117
train_r2: 0.9424234628677368
val_loss: 13.182753562927246
val_mse: 13.830001831054688
val_mae: 2.636460542678833
val_rmse: 3.7188711166381836
val_r2: 0.7715781927108765
test_loss: 11.223360061645508
test_mse: 12.779925346374512
test_mae: 2.3089301586151123
test_rmse: 3.574902057647705
test_r2: 0.8796190023422241
min_lr: 0.001
max_lr: 0.003
total_time: 10.842461347579956
average_epoch_time: 0.1084215497970581
