train_loss: 0.4721438443411518
train_accuracy: 0.781284123170998
train_precision: 0.8129426129426129
train_recall: 0.7290845378887428
train_f1: 0.7687334026093984
val_loss: 0.5044428333640099
val_accuracy: 0.7519650655021834
val_precision: 0.7869822485207101
val_recall: 0.6939130434782609
val_f1: 0.7375231053604436
test_loss: 0.48967265751626754
test_accuracy: 0.7703056768558952
test_precision: 0.803030303030303
test_recall: 0.7272727272727273
test_f1: 0.7632763276327633
min_lr: 1e-07
max_lr: 0.0007
total_time: 112.74363279342651
average_epoch_time: 1.1274331331253051
