train_loss: 0.07208616971802417
train_accuracy: 0.9699726124063863
train_precision: 0.9700134219956581
train_recall: 0.9699726124063863
train_f1: 0.9699707986055123
val_loss: 0.10642676480885775
val_accuracy: 0.9575738799676425
val_precision: 0.9576050632191433
val_recall: 0.9575738799676425
val_f1: 0.9575524502238715
test_loss: 0.1055032133662228
test_accuracy: 0.9588138101958624
test_precision: 0.9588357933995575
test_recall: 0.9588138101958624
test_f1: 0.9587705765499842
min_lr: 1e-05
max_lr: 0.0005
total_time: 4445.476061105728
average_epoch_time: 44.45473984003067
