train_loss: 6.7208955471332255
train_mse: 6.466824531555176
train_mae: 1.8368877172470093
train_rmse: 2.5429952144622803
train_r2: 0.9231368899345398
val_loss: 15.084533214569092
val_mse: 15.602055549621582
val_mae: 2.8820247650146484
val_rmse: 3.949943780899048
val_r2: 0.7423102259635925
test_loss: 11.502429246902466
test_mse: 12.882797241210938
test_mae: 2.3758537769317627
test_rmse: 3.589261293411255
test_r2: 0.8786499500274658
min_lr: 0.001
max_lr: 0.03
total_time: 11.325659036636353
average_epoch_time: 0.1132525110244751
