train_loss: 59827.76527923739
train_mse: 59843.7734375
train_mae: 184.37265014648438
train_rmse: 244.62986755371094
train_r2: 0.9176871255214667
val_loss: 59595.55470732868
val_mse: 59585.41015625
val_mae: 184.35549926757812
val_rmse: 244.10122680664062
val_r2: 0.9181725749603922
test_loss: 62003.02722477792
test_mse: 62010.796875
test_mae: 186.29562377929688
test_rmse: 249.01966857910156
test_r2: 0.9148112249431668
min_lr: 0.0001
max_lr: 0.01
total_time: 2044.7386481761932
average_epoch_time: 20.44737090587616
