train_loss: 85.05077362060547
train_mse: 85.05077362060547
train_mae: 6.464794158935547
train_rmse: 9.222297668457031
train_r2: -0.031589627265930176
val_loss: 60.545894622802734
val_mse: 60.545894622802734
val_mae: 5.784665584564209
val_rmse: 7.781124114990234
val_r2: -0.003032863140106201
test_loss: 114.24747467041016
test_mse: 114.24747467041016
test_mae: 7.849371910095215
test_rmse: 10.688660621643066
test_r2: -0.09030944108963013
