train_loss: 85.08565521240234
train_mse: 85.08565521240234
train_mae: 6.463988780975342
train_rmse: 9.224188804626465
train_r2: -0.03191591054201126
val_loss: 60.54616165161133
val_mse: 60.54616165161133
val_mae: 5.785019874572754
val_rmse: 7.78114128112793
val_r2: -0.002860426902770996
test_loss: 114.3504867553711
test_mse: 114.3504867553711
test_mae: 7.849725246429443
test_rmse: 10.69347858428955
test_r2: -0.09133768081665039
