train_loss: 0.2410263209172939
train_accuracy: 0.8995802576972477
train_precision: 0.8995243078481661
train_recall: 0.8995802576972477
train_f1: 0.8991392840420256
val_loss: 0.2641174450582345
val_accuracy: 0.88984699058536
val_precision: 0.889822566128842
val_recall: 0.88984699058536
val_f1: 0.8892077415433406
test_loss: 0.26413560619306986
test_accuracy: 0.8903996420088809
test_precision: 0.8903441133749381
test_recall: 0.8903996420088809
test_f1: 0.8898416833837933
min_lr: 1e-05
max_lr: 0.001
total_time: 2996.5261051654816
average_epoch_time: 29.96524612903595
