train_loss: 19.110267272362343
train_mse: 19.27549171447754
train_mae: 3.104185104370117
train_rmse: 4.39038610458374
train_r2: 0.7708961963653564
val_loss: 23.805681228637695
val_mse: 25.66170883178711
val_mae: 3.734154224395752
val_rmse: 5.065738677978516
val_r2: 0.5761610269546509
test_loss: 31.212584495544434
test_mse: 32.88655090332031
test_mae: 4.154151916503906
test_rmse: 5.734679698944092
test_r2: 0.6902238130569458
min_lr: 1e-05
max_lr: 0.01
total_time: 5.312472343444824
average_epoch_time: 0.053121073246002196
