train_loss: 0.5523601665429259
train_accuracy: 0.7296099290780141
train_precision: 0.720881971465629
train_recall: 0.7240750390828556
train_f1: 0.7224749772520473
val_loss: 0.5458147852651535
val_accuracy: 0.7355623100303952
val_precision: 0.7260579064587973
val_recall: 0.7025862068965517
val_f1: 0.7141292442497261
test_loss: 0.5797970371861612
test_accuracy: 0.7135627530364372
test_precision: 0.6644736842105263
test_recall: 0.6997690531177829
test_f1: 0.6816647919010124
min_lr: 0.0008
max_lr: 0.01
total_time: 494.5398898124695
average_epoch_time: 4.9453933143615725
