train_loss: 6.791301452196562
train_mse: 6.84112548828125
train_mae: 1.8940157890319824
train_rmse: 2.6155545711517334
train_r2: 0.9186880588531494
val_loss: 13.684945106506348
val_mse: 14.126677513122559
val_mae: 2.8357319831848145
val_rmse: 3.758547306060791
val_r2: 0.7666781544685364
test_loss: 9.712780714035034
test_mse: 11.008724212646484
test_mae: 2.337662935256958
test_rmse: 3.3179397583007812
test_r2: 0.8963028788566589
min_lr: 0.001
max_lr: 0.015
total_time: 18.53891611099243
average_epoch_time: 0.1853869867324829
