train_loss: 0.4873907890573196
train_accuracy: 0.7728761738370823
train_precision: 0.8072170044488384
train_recall: 0.7152869031975471
train_f1: 0.7584765443567115
val_loss: 0.498531552652518
val_accuracy: 0.7633187772925765
val_precision: 0.8076923076923077
val_recall: 0.6939130434782609
val_f1: 0.7464920486435921
test_loss: 0.4830735954973433
test_accuracy: 0.7764192139737991
test_precision: 0.8187134502923976
test_recall: 0.7204116638078902
test_f1: 0.7664233576642335
min_lr: 5e-05
max_lr: 0.004
total_time: 213.3298933506012
average_epoch_time: 2.1332948994636536
