train_loss: 72.63895416259766
train_mse: 72.82933044433594
train_mae: 5.5829644203186035
train_rmse: 8.53400993347168
train_r2: 0.13436830043792725
val_loss: 46.43011951446533
val_mse: 52.364742279052734
val_mae: 5.332482814788818
val_rmse: 7.236348628997803
val_r2: 0.13512307405471802
test_loss: 108.63840103149414
test_mse: 107.6785659790039
test_mae: 7.147587299346924
test_rmse: 10.37682819366455
test_r2: -0.014282584190368652
min_lr: 0.001
max_lr: 0.2
total_time: 11.784142255783081
average_epoch_time: 0.11783909797668457
