train_loss: 1.3303481340408325
train_mse: 1.3303481340408325
train_mae: 0.9003435373306274
train_rmse: 1.1534072160720825
train_r2: -0.03911818563938141
val_loss: 1.3013473749160767
val_mse: 1.3013473749160767
val_mae: 0.8834236860275269
val_rmse: 1.1407661437988281
val_r2: -0.04115710034966469
test_loss: 1.405382513999939
test_mse: 1.405382513999939
test_mae: 0.929894745349884
test_rmse: 1.1854883432388306
test_r2: -0.0321878120303154
