train_loss: 5.158663089458759
train_mse: 5.219113826751709
train_mae: 1.7222802639007568
train_rmse: 2.2845380306243896
train_r2: 0.9379668831825256
val_loss: 13.951842784881592
val_mse: 14.18226146697998
val_mae: 2.713216781616211
val_rmse: 3.7659342288970947
val_r2: 0.7657601237297058
test_loss: 9.643110513687134
test_mse: 10.690007209777832
test_mae: 2.129830837249756
test_rmse: 3.2695577144622803
test_r2: 0.8993050456047058
min_lr: 0.0003
max_lr: 0.015
total_time: 14.356452703475952
average_epoch_time: 0.14356217861175538
