train_loss: 18.664583206176758
train_mse: 18.664583206176758
train_mae: 3.290229320526123
train_rmse: 4.320252895355225
train_r2: 0.7651233077049255
val_loss: 24.635698318481445
val_mse: 24.635698318481445
val_mae: 3.8096954822540283
val_rmse: 4.963436126708984
val_r2: 0.47835400700569153
test_loss: 35.12984848022461
test_mse: 35.12984848022461
test_mae: 4.161182403564453
test_rmse: 5.927043914794922
test_r2: 0.6844518184661865
