train_loss: 0.5514691469640385
train_accuracy: 0.726823708206687
train_precision: 0.7552383844518676
train_recall: 0.6479937467430954
train_f1: 0.6975178796802692
val_loss: 0.5435377984277664
val_accuracy: 0.7244174265450861
val_precision: 0.7388059701492538
val_recall: 0.6400862068965517
val_f1: 0.6859122401847575
test_loss: 0.5662064013942596
test_accuracy: 0.7095141700404858
test_precision: 0.6910994764397905
test_recall: 0.6096997690531177
test_f1: 0.6478527607361964
min_lr: 2e-05
max_lr: 0.002
total_time: 283.1745648384094
average_epoch_time: 2.8317420077323914
