train_loss: 0.33886691687899406
train_accuracy: 0.8631394830995097
train_precision: 0.8634087462882182
train_recall: 0.8631394830995097
train_f1: 0.8629030138880749
val_loss: 0.35251114816129997
val_accuracy: 0.8576444467392988
val_precision: 0.8577785447706029
val_recall: 0.8576444467392988
val_f1: 0.8572828977734153
test_loss: 0.34814048591295527
test_accuracy: 0.8568035523734123
test_precision: 0.8572607478379161
test_recall: 0.8568035523734123
test_f1: 0.8566138342515139
min_lr: 1e-06
max_lr: 0.01
total_time: 4350.26429605484
average_epoch_time: 43.50263025045395
