train_loss: 0.2616444528102875
train_mse: 0.2616444528102875
train_mae: 0.3493521213531494
train_rmse: 0.5115119218826294
train_r2: 0.7893860936164856
val_loss: 0.2853039801120758
val_mse: 0.2853039801120758
val_mae: 0.3606937527656555
val_rmse: 0.534138560295105
val_r2: 0.7624933123588562
test_loss: 0.2753145098686218
test_mse: 0.2753145098686218
test_mae: 0.3580188453197479
test_rmse: 0.5247042179107666
test_r2: 0.7899482250213623
