train_loss: 0.4621118754148483
train_accuracy: 0.7860886656475213
train_precision: 0.7894736842105263
train_recall: 0.778580814717477
train_f1: 0.7839894144889182
val_loss: 0.4912620418601566
val_accuracy: 0.7624454148471616
val_precision: 0.768141592920354
val_recall: 0.7547826086956522
val_f1: 0.7614035087719299
test_loss: 0.49065595534112716
test_accuracy: 0.7746724890829695
test_precision: 0.7865961199294532
test_recall: 0.7650085763293311
test_f1: 0.7756521739130435
min_lr: 0.001
max_lr: 0.01
total_time: 78.17004036903381
average_epoch_time: 0.7816957259178161
