train_loss: 2787.9671919769444
train_mse: 2786.8779296875
train_mae: 41.27217483520508
train_rmse: 52.790889739990234
train_r2: 0.9961667528596957
val_loss: 4067.6570059684327
val_mse: 4067.781005859375
val_mae: 47.833168029785156
val_rmse: 63.77915954589844
val_r2: 0.9944137997841587
test_loss: 3952.9150911127854
test_mse: 3952.8466796875
test_mae: 47.4240837097168
test_rmse: 62.87166976928711
test_r2: 0.9945696850102241
min_lr: 0.0001
max_lr: 0.01
total_time: 2299.0128021240234
average_epoch_time: 22.990111427307127
