train_loss: 12.232665538787842
train_mse: 11.806234359741211
train_mae: 2.4180312156677246
train_rmse: 3.4360201358795166
train_r2: 0.8596739768981934
val_loss: 13.161584854125977
val_mse: 13.325512886047363
val_mae: 2.777893304824829
val_rmse: 3.6504127979278564
val_r2: 0.7799105644226074
test_loss: 24.99081325531006
test_mse: 26.465808868408203
test_mae: 3.485832691192627
test_rmse: 5.144493103027344
test_r2: 0.7507042288780212
min_lr: 1e-06
max_lr: 0.03
total_time: 6.808081150054932
average_epoch_time: 0.06807503700256348
