train_loss: 0.4758993454718839
train_accuracy: 0.7810657348766106
train_precision: 0.8104242424242424
train_recall: 0.7321506789312309
train_f1: 0.7693015763433435
val_loss: 0.4920414504077699
val_accuracy: 0.7650655021834061
val_precision: 0.7942307692307692
val_recall: 0.7182608695652174
val_f1: 0.754337899543379
test_loss: 0.4815044552087784
test_accuracy: 0.7790393013100436
test_precision: 0.8078358208955224
test_recall: 0.7427101200686106
test_f1: 0.77390527256479
min_lr: 1e-05
max_lr: 0.002
total_time: 96.03990530967712
average_epoch_time: 0.9603965139389038
