train_loss: 0.30291170312608656
train_accuracy: 0.8770763905173953
train_precision: 0.8765306980990142
train_recall: 0.8770763905173953
train_f1: 0.8760213130896142
val_loss: 0.31496835647700644
val_accuracy: 0.8716201098087812
val_precision: 0.871040296417779
val_recall: 0.8716201098087812
val_f1: 0.8703661045208703
test_loss: 0.3121152638995175
test_accuracy: 0.8727754638394547
test_precision: 0.8723053031881417
test_recall: 0.8727754638394547
test_f1: 0.8716352068778085
min_lr: 1e-07
max_lr: 0.004
total_time: 2049.8176012039185
average_epoch_time: 20.498158783912658
