train_loss: 4.468160262474647
train_mse: 4.425192832946777
train_mae: 1.6478577852249146
train_rmse: 2.103614330291748
train_r2: 0.9474032521247864
val_loss: 10.016569375991821
val_mse: 9.14130687713623
val_mae: 2.22875714302063
val_rmse: 3.0234594345092773
val_r2: 0.8490185737609863
test_loss: 16.919843196868896
test_mse: 19.334753036499023
test_mae: 2.8970985412597656
test_rmse: 4.397130012512207
test_r2: 0.8178755044937134
min_lr: 0.001
max_lr: 0.06
total_time: 12.999289751052856
average_epoch_time: 0.12999069452285766
