train_loss: 0.3840652740589191
train_accuracy: 0.8410142660748824
train_precision: 0.8401560623723148
train_recall: 0.8410142660748824
train_f1: 0.8388994960956485
val_loss: 0.3941632619513289
val_accuracy: 0.834804908693482
val_precision: 0.833662122561381
val_recall: 0.834804908693482
val_f1: 0.8323880272668084
test_loss: 0.3916360338747764
test_accuracy: 0.837991807510929
test_precision: 0.8374974790978833
test_recall: 0.837991807510929
test_f1: 0.8358985491067273
min_lr: 5e-05
max_lr: 0.02
total_time: 1196.7245862483978
average_epoch_time: 11.967238144874573
