train_loss: 0.5342320396054175
train_accuracy: 0.7403748733535968
train_precision: 0.7298200514138817
train_recall: 0.7397081813444503
train_f1: 0.7347308488612836
val_loss: 0.5256095305085182
val_accuracy: 0.7497467071935157
val_precision: 0.7303609341825902
val_recall: 0.7413793103448276
val_f1: 0.7358288770053476
test_loss: 0.5471613183617592
test_accuracy: 0.7257085020242915
test_precision: 0.6760869565217391
test_recall: 0.7182448036951501
test_f1: 0.696528555431131
min_lr: 2e-05
max_lr: 0.008
total_time: 769.4598240852356
average_epoch_time: 7.694594073295593
