train_loss: 0.2122306674493206
train_accuracy: 0.9050255050999443
train_precision: 0.9049260275708734
train_recall: 0.9050255050999443
train_f1: 0.9048311407862754
val_loss: 0.3099954614358326
val_accuracy: 0.8714479957315708
val_precision: 0.8710737118932522
val_recall: 0.8714479957315708
val_f1: 0.8710780408355421
test_loss: 0.311505362293006
test_accuracy: 0.8716223193693848
test_precision: 0.8713250491393155
test_recall: 0.8716223193693848
test_f1: 0.8712239373828874
min_lr: 1e-06
max_lr: 0.002
total_time: 3406.477310180664
average_epoch_time: 34.064766504764556
