train_loss: 18.872844696044922
train_mse: 18.872844696044922
train_mae: 3.3405613899230957
train_rmse: 4.3442888259887695
train_r2: 0.7692315578460693
val_loss: 22.628782272338867
val_mse: 22.628782272338867
val_mae: 3.7121734619140625
val_rmse: 4.756971836090088
val_r2: 0.6190721988677979
test_loss: 22.305835723876953
test_mse: 22.305835723876953
test_mae: 3.722252368927002
test_rmse: 4.72290563583374
test_r2: 0.7976728081703186
