train_loss: 0.5427034675833667
train_accuracy: 0.7322695035460993
train_precision: 0.7501450957632038
train_recall: 0.6735278791036998
train_f1: 0.7097748489840747
val_loss: 0.5467149259582642
val_accuracy: 0.7304964539007093
val_precision: 0.75
val_recall: 0.6400862068965517
val_f1: 0.6906976744186046
test_loss: 0.554843585337362
test_accuracy: 0.7165991902834008
test_precision: 0.6843373493975904
test_recall: 0.6558891454965358
test_f1: 0.6698113207547169
min_lr: 0.0001
max_lr: 0.0007
total_time: 204.75964999198914
average_epoch_time: 2.047592115402222
