train_loss: 715.2262392770215
train_mse: 715.5447998046875
train_mae: 20.785337448120117
train_rmse: 26.749670028686523
train_r2: 0.9990157948548543
val_loss: 4066.045857540847
val_mse: 4066.419921875
val_mae: 41.57468032836914
val_rmse: 63.76848602294922
val_r2: 0.9944156688044767
test_loss: 4282.953758278474
test_mse: 4284.166015625
test_mae: 41.8563346862793
test_rmse: 65.45354461669922
test_r2: 0.9941145271926577
min_lr: 2e-05
max_lr: 0.002
total_time: 1553.5701985359192
average_epoch_time: 15.535674200057983
