train_loss: 0.520194451818582
train_accuracy: 0.7441742654508612
train_precision: 0.7438304721030042
train_recall: 0.7225117248566962
train_f1: 0.733016124768702
val_loss: 0.5347624536483518
val_accuracy: 0.7507598784194529
val_precision: 0.7433035714285714
val_recall: 0.7176724137931034
val_f1: 0.7302631578947368
test_loss: 0.5552603371681706
test_accuracy: 0.7257085020242915
test_precision: 0.6784140969162996
test_recall: 0.7113163972286374
test_f1: 0.6944757609921083
min_lr: 1e-07
max_lr: 0.001
total_time: 78.60489630699158
average_epoch_time: 0.7860444617271424
