train_loss: 0.5246669132458536
train_accuracy: 0.7427811550151976
train_precision: 0.7704280155642024
train_recall: 0.6706618030224075
train_f1: 0.7170915169243627
val_loss: 0.5388434442781633
val_accuracy: 0.7304964539007093
val_precision: 0.7487437185929648
val_recall: 0.6422413793103449
val_f1: 0.691415313225058
test_loss: 0.5529365924096876
test_accuracy: 0.729757085020243
test_precision: 0.7106598984771574
test_recall: 0.6466512702078522
test_f1: 0.6771463119709794
min_lr: 5e-05
max_lr: 0.001
total_time: 358.0293118953705
average_epoch_time: 3.5802893447875976
