train_loss: 0.13777683622158637
train_accuracy: 0.946950252684436
train_precision: 0.9468880989833174
train_recall: 0.946950252684436
train_f1: 0.9468582205850233
val_loss: 0.17129303805431606
val_accuracy: 0.9345278050291733
val_precision: 0.9344091874039389
val_recall: 0.9345278050291733
val_f1: 0.9343850642692808
test_loss: 0.16813066465542179
test_accuracy: 0.9359058207979072
test_precision: 0.9357939079989565
test_recall: 0.9359058207979072
test_f1: 0.9357218991100302
min_lr: 2e-05
max_lr: 0.003
total_time: 3101.9438824653625
average_epoch_time: 31.01942757844925
