train_loss: 0.5354043591601646
train_accuracy: 0.7444275582573455
train_precision: 0.7463454250135355
train_recall: 0.7183428869202709
train_f1: 0.7320764737121614
val_loss: 0.5355262996688965
val_accuracy: 0.7375886524822695
val_precision: 0.735632183908046
val_recall: 0.6896551724137931
val_f1: 0.7119021134593994
test_loss: 0.5476862172926625
test_accuracy: 0.7246963562753036
test_precision: 0.683371298405467
test_recall: 0.6928406466512702
test_f1: 0.6880733944954128
min_lr: 1e-07
max_lr: 0.002
total_time: 341.2675700187683
average_epoch_time: 3.4126722264289855
