train_loss: 0.35064181685447693
train_mse: 0.35064181685447693
train_mae: 0.41103625297546387
train_rmse: 0.5921501517295837
train_r2: 0.7129307389259338
val_loss: 0.36474233865737915
val_mse: 0.36474233865737915
val_mae: 0.4210090637207031
val_rmse: 0.6039389967918396
val_r2: 0.7084941864013672
test_loss: 0.34507840871810913
test_mse: 0.34507840871810913
test_mae: 0.4137606918811798
test_rmse: 0.5874337553977966
test_r2: 0.7185693383216858
