train_loss: 0.05030316031922069
train_accuracy: 0.9790085820197113
train_precision: 0.9790073957911912
train_recall: 0.9790085820197113
train_f1: 0.9790071368130662
val_loss: 0.09668419895989057
val_accuracy: 0.963752775339495
val_precision: 0.9637575506582098
val_recall: 0.963752775339495
val_f1: 0.9637419681945265
test_loss: 0.09463550431842584
test_accuracy: 0.9648549103301092
test_precision: 0.9648427718397075
test_recall: 0.9648549103301092
test_f1: 0.9648352852931268
min_lr: 1e-05
max_lr: 0.001
total_time: 3779.978773832321
average_epoch_time: 37.799782221317294
