train_loss: 0.8294181749552882
train_accuracy: 0.6285054721401694
train_precision: 0.6204959948756247
train_recall: 0.6285054721401694
train_f1: 0.6110528542936985
val_loss: 0.8345616813010581
val_accuracy: 0.6270115832773963
val_precision: 0.6245914111431567
val_recall: 0.6270115832773963
val_f1: 0.6092449618800879
test_loss: 0.8354487432257194
test_accuracy: 0.6256411139031358
test_precision: 0.6209166577310026
test_recall: 0.6256411139031358
test_f1: 0.6083693637843315
min_lr: 1e-07
max_lr: 0.01
total_time: 1357.303869009018
average_epoch_time: 13.573026344776153
