train_loss: 0.258897602558136
train_mse: 0.258897602558136
train_mae: 0.3482457995414734
train_rmse: 0.5088198184967041
train_r2: 0.7910051345825195
val_loss: 0.2847326695919037
val_mse: 0.2847326695919037
val_mae: 0.3625887632369995
val_rmse: 0.5336034893989563
val_r2: 0.7635707855224609
test_loss: 0.2627449333667755
test_mse: 0.2627449333667755
test_mae: 0.3551836907863617
test_rmse: 0.5125865340232849
test_r2: 0.799362301826477
