train_loss: 0.47656544648396426
train_accuracy: 0.7794278226687049
train_precision: 0.8230964467005076
train_recall: 0.7102496714848883
train_f1: 0.7625205737126732
val_loss: 0.4923044881886906
val_accuracy: 0.7703056768558952
val_precision: 0.8107569721115537
val_recall: 0.7078260869565217
val_f1: 0.7558031569173631
test_loss: 0.48370811094840366
test_accuracy: 0.7807860262008733
test_precision: 0.8229571984435797
test_recall: 0.725557461406518
test_f1: 0.7711941659070192
min_lr: 1e-07
max_lr: 0.01
total_time: 76.08056879043579
average_epoch_time: 0.7608012390136719
