train_loss: 0.5495919942373206
train_accuracy: 0.7282168186423505
train_precision: 0.7310212998361552
train_recall: 0.6974986972381448
train_f1: 0.7138666666666666
val_loss: 0.560346262108895
val_accuracy: 0.7142857142857143
val_precision: 0.7068181818181818
val_recall: 0.6702586206896551
val_f1: 0.6880530973451328
test_loss: 0.5570330600584706
test_accuracy: 0.728744939271255
test_precision: 0.6950354609929078
test_recall: 0.6789838337182448
test_f1: 0.6869158878504673
min_lr: 1e-05
max_lr: 0.001
total_time: 225.72780656814575
average_epoch_time: 2.2572744870185852
