train_loss: 0.5221606068282958
train_accuracy: 0.7515197568389058
train_precision: 0.7568455640744798
train_recall: 0.720166753517457
train_f1: 0.7380507343124165
val_loss: 0.5382201114008504
val_accuracy: 0.7436676798378926
val_precision: 0.7381489841986456
val_recall: 0.7047413793103449
val_f1: 0.721058434399118
test_loss: 0.5576702423634068
test_accuracy: 0.7277327935222672
test_precision: 0.6933962264150944
test_recall: 0.6789838337182448
test_f1: 0.6861143523920653
min_lr: 2e-05
max_lr: 0.0004
total_time: 251.1729302406311
average_epoch_time: 2.511725437641144
