train_loss: 0.46988249780409014
train_accuracy: 0.7827036470845162
train_precision: 0.8146067415730337
train_recall: 0.7303985983355235
train_f1: 0.7702078521939955
val_loss: 0.4919227841827605
val_accuracy: 0.7641921397379913
val_precision: 0.7961165048543689
val_recall: 0.7130434782608696
val_f1: 0.7522935779816513
test_loss: 0.46770889229244655
test_accuracy: 0.7825327510917031
test_precision: 0.8162878787878788
test_recall: 0.7392795883361921
test_f1: 0.7758775877587759
min_lr: 1e-07
max_lr: 0.001
total_time: 98.31510066986084
average_epoch_time: 0.9831469464302063
