train_loss: 0.41435561560172235
train_accuracy: 0.8146975322122734
train_precision: 0.8299976995629169
train_recall: 0.7901883486640385
train_f1: 0.8096039492875575
val_loss: 0.5024446050326029
val_accuracy: 0.77117903930131
val_precision: 0.781981981981982
val_recall: 0.7547826086956522
val_f1: 0.768141592920354
test_loss: 0.5194623900784386
test_accuracy: 0.7729257641921398
test_precision: 0.790990990990991
test_recall: 0.7530017152658662
test_f1: 0.7715289982425307
min_lr: 0.0005
max_lr: 0.001
total_time: 395.72336649894714
average_epoch_time: 3.957228651046753
