train_loss: 0.5459908854462959
train_accuracy: 0.7389167940598383
train_precision: 0.760229720028715
train_recall: 0.6957950065703022
train_f1: 0.7265866209262436
val_loss: 0.550078906946712
val_accuracy: 0.7388646288209607
val_precision: 0.7664092664092664
val_recall: 0.6904347826086956
val_f1: 0.7264409881061299
test_loss: 0.5318724421991242
test_accuracy: 0.743231441048035
test_precision: 0.7632058287795993
test_recall: 0.7186963979416809
test_f1: 0.7402826855123675
min_lr: 0.0002
max_lr: 0.015
total_time: 201.0488908290863
average_epoch_time: 2.010485103130341
