train_loss: 0.27451151609420776
train_mse: 0.27451151609420776
train_mae: 0.35824859142303467
train_rmse: 0.5239384770393372
train_r2: 0.7804057002067566
val_loss: 0.2926631271839142
val_mse: 0.2926631271839142
val_mae: 0.3664822280406952
val_rmse: 0.5409834980964661
val_r2: 0.7571015954017639
test_loss: 0.27735233306884766
test_mse: 0.27735233306884766
test_mae: 0.3602714538574219
test_rmse: 0.5266425013542175
test_r2: 0.7893692255020142
