train_loss: 9.682201275458702
train_mse: 9.510622024536133
train_mae: 2.0320792198181152
train_rmse: 3.0839295387268066
train_r2: 0.8869590759277344
val_loss: 16.20792007446289
val_mse: 16.794628143310547
val_mae: 2.94106125831604
val_rmse: 4.098124980926514
val_r2: 0.7226132154464722
test_loss: 17.882054090499878
test_mse: 20.902074813842773
test_mae: 2.743068218231201
test_rmse: 4.571878910064697
test_r2: 0.8031120300292969
min_lr: 0.001
max_lr: 0.05
total_time: 15.489408016204834
average_epoch_time: 0.15489140033721924
