train_loss: 0.693172577989226
train_accuracy: 0.4986896702336755
train_precision: 0.49863492410178006
train_recall: 1.0
train_f1: 0.6654521606062814
val_loss: 0.6931285096539391
val_accuracy: 0.5021834061135371
val_precision: 0.5021834061135371
val_recall: 1.0
val_f1: 0.6686046511627907
test_loss: 0.6930165390173594
test_accuracy: 0.509170305676856
test_precision: 0.509170305676856
test_recall: 1.0
test_f1: 0.6747685185185186
min_lr: 1e-07
max_lr: 0.01
total_time: 217.0244483947754
average_epoch_time: 2.1702400612831116
