train_loss: 15.40844047986544
train_mse: 14.76313304901123
train_mae: 2.642953395843506
train_rmse: 3.842282295227051
train_r2: 0.8245289921760559
val_loss: 16.659413814544678
val_mse: 17.19780921936035
val_mae: 3.0197370052337646
val_rmse: 4.147024154663086
val_r2: 0.7159541249275208
test_loss: 17.831042289733887
test_mse: 21.04784393310547
test_mae: 2.9918575286865234
test_rmse: 4.587792873382568
test_r2: 0.801738977432251
min_lr: 1e-06
max_lr: 0.03
total_time: 5.659855365753174
average_epoch_time: 0.0565954065322876
