train_loss: 6371.998699052685
train_mse: 6373.51025390625
train_mae: 62.252220153808594
train_rmse: 79.83426666259766
train_r2: 0.991233474871518
val_loss: 6854.472395998572
val_mse: 6854.7001953125
val_mae: 64.46043395996094
val_rmse: 82.7931137084961
val_r2: 0.9905865810554395
test_loss: 6772.223776570431
test_mse: 6772.14892578125
test_mae: 64.05221557617188
test_rmse: 82.2930679321289
test_r2: 0.9906966024761266
min_lr: 3e-05
max_lr: 0.0015
total_time: 3128.5091412067413
average_epoch_time: 31.28507470369339
