train_loss: 0.515832102361041
train_accuracy: 0.7535488097837956
train_precision: 0.799015799015799
train_recall: 0.6756460797196671
train_f1: 0.7321704046517148
val_loss: 0.5372164704733424
val_accuracy: 0.7406113537117904
val_precision: 0.7932489451476793
val_recall: 0.6539130434782608
val_f1: 0.7168732125834127
test_loss: 0.5218746008144485
test_accuracy: 0.754585152838428
test_precision: 0.796078431372549
test_recall: 0.6963979416809606
test_f1: 0.7429094236047575
min_lr: 1e-07
max_lr: 0.006
total_time: 77.35250473022461
average_epoch_time: 0.7735212516784667
