train_loss: 0.693065205807628
train_accuracy: 0.5139311043566362
train_precision: 0.0
train_recall: 0.0
train_f1: 0.0
val_loss: 0.6914103358022629
val_accuracy: 0.5298885511651469
val_precision: 0.0
val_recall: 0.0
val_f1: 0.0
test_loss: 0.6880047475138018
test_accuracy: 0.5617408906882592
test_precision: 0.0
test_recall: 0.0
test_f1: 0.0
min_lr: 1e-05
max_lr: 0.005
total_time: 395.01029229164124
average_epoch_time: 3.9500963711738586
