train_loss: 0.47655460331913485
train_accuracy: 0.7799737934046735
train_precision: 0.8236488200964223
train_recall: 0.7109067017082786
train_f1: 0.7631362407429176
val_loss: 0.4994697984721925
val_accuracy: 0.7537117903930131
val_precision: 0.7900990099009901
val_recall: 0.6939130434782609
val_f1: 0.7388888888888888
test_loss: 0.4887640881869528
test_accuracy: 0.7790393013100436
test_precision: 0.8248031496062992
test_recall: 0.7186963979416809
test_f1: 0.768102658111824
min_lr: 0.0001
max_lr: 0.008
total_time: 266.83558344841003
average_epoch_time: 2.6683520126342772
