train_loss: 0.5176404714584351
train_accuracy: 0.7506332320162108
train_precision: 0.7586493218931636
train_recall: 0.7141740489838457
train_f1: 0.7357401691048181
val_loss: 0.5289251543581486
val_accuracy: 0.7416413373860182
val_precision: 0.7424593967517401
val_recall: 0.6896551724137931
val_f1: 0.7150837988826816
test_loss: 0.5423223748803139
test_accuracy: 0.7348178137651822
test_precision: 0.6912751677852349
test_recall: 0.7136258660508084
test_f1: 0.7022727272727273
min_lr: 2e-05
max_lr: 0.006
total_time: 89.55844259262085
average_epoch_time: 0.895580780506134
