train_loss: 0.5342706643765972
train_accuracy: 0.7412613981762918
train_precision: 0.7473133094516395
train_recall: 0.706618030224075
train_f1: 0.7263961430293291
val_loss: 0.5346578136086464
val_accuracy: 0.7355623100303952
val_precision: 0.7365967365967366
val_recall: 0.6810344827586207
val_f1: 0.7077267637178052
test_loss: 0.5668700635433197
test_accuracy: 0.7368421052631579
test_precision: 0.7054631828978623
test_recall: 0.6859122401847575
test_f1: 0.6955503512880562
min_lr: 0.0001
max_lr: 0.01
total_time: 101.9821503162384
average_epoch_time: 1.0198177313804626
