train_loss: 19.45637636918288
train_mse: 18.618270874023438
train_mae: 2.8797831535339355
train_rmse: 4.314889430999756
train_r2: 0.7787078022956848
val_loss: 14.84623908996582
val_mse: 15.268426895141602
val_mae: 3.0691583156585693
val_rmse: 3.9074833393096924
val_r2: 0.7478206157684326
test_loss: 27.330134868621826
test_mse: 31.84273910522461
test_mae: 3.317861318588257
test_rmse: 5.642937183380127
test_r2: 0.7000560164451599
min_lr: 1e-05
max_lr: 0.01
total_time: 5.246029853820801
average_epoch_time: 0.05245589017868042
