train_loss: 1.8524081982099092
train_mse: 1.8742023706436157
train_mae: 1.0537019968032837
train_rmse: 1.369015097618103
train_r2: 0.9777237176895142
val_loss: 12.220473289489746
val_mse: 12.356481552124023
val_mae: 2.54667592048645
val_rmse: 3.515178680419922
val_r2: 0.795915424823761
test_loss: 15.86605978012085
test_mse: 16.897003173828125
test_mae: 2.8506031036376953
test_rmse: 4.110596656799316
test_r2: 0.8408380150794983
min_lr: 5e-06
max_lr: 0.03
total_time: 4.743720054626465
average_epoch_time: 0.04743319034576416
