train_loss: 0.6848245767766175
train_accuracy: 0.5278445075343962
train_precision: 0.5175209962351578
train_recall: 0.7827420061322821
train_f1: 0.6230822873082287
val_loss: 0.6879804531733195
val_accuracy: 0.5048034934497817
val_precision: 0.5046082949308756
val_recall: 0.7617391304347826
val_f1: 0.607068607068607
test_loss: 0.6870455112722185
test_accuracy: 0.5222707423580786
test_precision: 0.5211764705882352
test_recall: 0.7598627787307033
test_f1: 0.6182833217027215
min_lr: 1e-07
max_lr: 1e-05
total_time: 220.1309051513672
average_epoch_time: 2.2013039565086365
