train_loss: 0.49648096909125644
train_accuracy: 0.7700371260100458
train_precision: 0.7888680131517144
train_recall: 0.7356548401226456
train_f1: 0.7613327289211241
val_loss: 0.5065778758790758
val_accuracy: 0.7528384279475983
val_precision: 0.7713754646840149
val_recall: 0.7217391304347827
val_f1: 0.7457322551662173
test_loss: 0.49384407533539665
test_accuracy: 0.7650655021834061
test_precision: 0.7803571428571429
test_recall: 0.7495711835334476
test_f1: 0.7646544181977253
min_lr: 8e-05
max_lr: 0.002
total_time: 107.82167196273804
average_epoch_time: 1.078211784362793
