train_loss: 0.5723871074707402
train_accuracy: 0.7103596757852076
train_precision: 0.7315616601970738
train_recall: 0.638353309015112
train_f1: 0.6817865590649784
val_loss: 0.5624598341603433
val_accuracy: 0.7254305977710233
val_precision: 0.7347931873479319
val_recall: 0.6508620689655172
val_f1: 0.6902857142857143
test_loss: 0.575029238577812
test_accuracy: 0.7004048582995951
test_precision: 0.6751918158567775
test_recall: 0.6096997690531177
test_f1: 0.6407766990291263
min_lr: 5e-05
max_lr: 0.008
total_time: 736.664642572403
average_epoch_time: 7.366640136241913
