train_loss: 671.956985386495
train_mse: 672.3162841796875
train_mae: 20.201305389404297
train_rmse: 25.929061889648438
train_r2: 0.9990752540817487
val_loss: 4992.400443914578
val_mse: 4991.5986328125
val_mae: 43.7838134765625
val_rmse: 70.6512451171875
val_r2: 0.9931451397060032
test_loss: 5078.581685487389
test_mse: 5078.48828125
test_mae: 44.32972717285156
test_rmse: 71.26351165771484
test_r2: 0.9930233086779723
min_lr: 3e-05
max_lr: 0.001
total_time: 3150.265542984009
average_epoch_time: 31.50264098882675
