train_loss: 26.74267871563251
train_mse: 27.01518440246582
train_mae: 3.774724006652832
train_rmse: 5.19761323928833
train_r2: 0.6789040565490723
val_loss: 18.566455364227295
val_mse: 19.85111427307129
val_mae: 3.5649142265319824
val_rmse: 4.455459117889404
val_r2: 0.6721310615539551
test_loss: 43.239986419677734
test_mse: 46.24199676513672
test_mae: 5.301384925842285
test_rmse: 6.80014705657959
test_r2: 0.5644216537475586
min_lr: 0.0005
max_lr: 0.1
total_time: 13.947609424591064
average_epoch_time: 0.13947365999221803
