train_loss: 9.316796632913443
train_mse: 9.345009803771973
train_mae: 2.2034292221069336
train_rmse: 3.0569608211517334
train_r2: 0.8889275193214417
val_loss: 13.212722301483154
val_mse: 13.68348217010498
val_mae: 2.889585494995117
val_rmse: 3.6991190910339355
val_r2: 0.7739981412887573
test_loss: 16.303264141082764
test_mse: 17.932477951049805
test_mae: 2.757237434387207
test_rmse: 4.234675884246826
test_r2: 0.8310843110084534
min_lr: 1e-06
max_lr: 0.03
total_time: 4.935862302780151
average_epoch_time: 0.04935640335083008
