train_loss: 0.4729037536145918
train_accuracy: 0.7867438305306835
train_precision: 0.8136854741896759
train_recall: 0.7422251423565484
train_f1: 0.7763142824418737
val_loss: 0.49322857956091565
val_accuracy: 0.759825327510917
val_precision: 0.7906976744186046
val_recall: 0.7095652173913043
val_f1: 0.7479376718606783
test_loss: 0.48198215415080387
test_accuracy: 0.7737991266375546
test_precision: 0.8045112781954887
test_recall: 0.7341337907375644
test_f1: 0.767713004484305
min_lr: 1e-07
max_lr: 0.001
total_time: 109.43600296974182
average_epoch_time: 1.094356713294983
