train_loss: 38054.94723712127
train_mse: 38068.42578125
train_mae: 145.9235076904297
train_rmse: 195.11131286621094
train_r2: 0.9476382892539729
val_loss: 45595.797727633246
val_mse: 45593.390625
val_mae: 155.7190704345703
val_rmse: 213.52609252929688
val_r2: 0.9373875319068439
test_loss: 45915.18280060279
test_mse: 45912.91015625
test_mae: 156.60879516601562
test_rmse: 214.27297973632812
test_r2: 0.9369260752497008
min_lr: 5e-05
max_lr: 0.001
total_time: 1319.0941097736359
average_epoch_time: 13.190921082496644
