train_loss: 0.45681768241855836
train_accuracy: 0.7866346363834898
train_precision: 0.8435034192530247
train_recall: 0.702365308804205
train_f1: 0.7664913957934991
val_loss: 0.4860926700962914
val_accuracy: 0.7694323144104803
val_precision: 0.8259958071278826
val_recall: 0.6852173913043478
val_f1: 0.7490494296577945
test_loss: 0.4788794385062324
test_accuracy: 0.7825327510917031
test_precision: 0.8450413223140496
test_recall: 0.7015437392795884
test_f1: 0.7666354264292409
min_lr: 0.0001
max_lr: 0.01
total_time: 73.7214617729187
average_epoch_time: 0.7372104215621949
