train_loss: 0.3395641795995477
train_accuracy: 0.8613516519688732
train_precision: 0.8603740179842264
train_recall: 0.8613516519688732
train_f1: 0.8598701768356832
val_loss: 0.34921432188035106
val_accuracy: 0.8577305037779039
val_precision: 0.8564963227112167
val_recall: 0.8577305037779039
val_f1: 0.8560082865926752
test_loss: 0.3474766716754909
test_accuracy: 0.8584386079653024
test_precision: 0.8578404478990146
test_recall: 0.8584386079653024
test_f1: 0.8568845218874505
min_lr: 1e-07
max_lr: 0.01
total_time: 1745.4719841480255
average_epoch_time: 17.454704253673555
