train_loss: 0.5272793510423498
train_accuracy: 0.7444275582573455
train_precision: 0.7366094643785751
train_recall: 0.7381448671182907
train_f1: 0.7373763664757939
val_loss: 0.541392982006073
val_accuracy: 0.729483282674772
val_precision: 0.7145969498910676
val_recall: 0.7068965517241379
val_f1: 0.7107258938244854
test_loss: 0.5524273005224043
test_accuracy: 0.7176113360323887
test_precision: 0.672645739910314
test_recall: 0.6928406466512702
test_f1: 0.6825938566552902
min_lr: 1e-07
max_lr: 0.001
total_time: 200.72266817092896
average_epoch_time: 2.0072224354743957
