train_loss: 0.5132573889730699
train_accuracy: 0.7674164664773968
train_precision: 0.8007407407407408
train_recall: 0.7102496714848883
train_f1: 0.7527855153203342
val_loss: 0.5145885712570615
val_accuracy: 0.7606986899563318
val_precision: 0.7933723196881092
val_recall: 0.7078260869565217
val_f1: 0.7481617647058824
test_loss: 0.5052697848942544
test_accuracy: 0.7676855895196506
test_precision: 0.8053949903660886
test_recall: 0.7169811320754716
test_f1: 0.7586206896551724
min_lr: 0.0003
max_lr: 0.008
total_time: 167.95618271827698
average_epoch_time: 1.6795568776130676
