train_loss: 3.3924760818481445
train_mse: 3.4459826946258545
train_mae: 1.361467719078064
train_rmse: 1.8563358783721924
train_r2: 0.9590418934822083
val_loss: 11.470048904418945
val_mse: 11.863615989685059
val_mae: 2.441981554031372
val_rmse: 3.4443600177764893
val_r2: 0.8040558099746704
test_loss: 8.94005799293518
test_mse: 9.809012413024902
test_mae: 2.113933563232422
test_rmse: 3.131934404373169
test_r2: 0.9076036214828491
min_lr: 1e-06
max_lr: 0.003
total_time: 18.68030047416687
average_epoch_time: 0.18680076599121093
