train_loss: 12.121293471409725
train_mse: 12.258713722229004
train_mae: 2.4506168365478516
train_rmse: 3.50124454498291
train_r2: 0.8542959094047546
val_loss: 21.91891050338745
val_mse: 24.038476943969727
val_mae: 3.7053449153900146
val_rmse: 4.902904987335205
val_r2: 0.6029709577560425
test_loss: 27.250215530395508
test_mse: 28.915958404541016
test_mae: 3.982996702194214
test_rmse: 5.377356052398682
test_r2: 0.7276249527931213
min_lr: 3e-05
max_lr: 0.001
total_time: 10.378825902938843
average_epoch_time: 0.10378603219985962
