train_loss: 65.06568321814903
train_mse: 63.631629943847656
train_mae: 5.711645603179932
train_rmse: 7.976943492889404
train_r2: 0.24369001388549805
val_loss: 39.00175857543945
val_mse: 42.115535736083984
val_mae: 5.065009593963623
val_rmse: 6.489648342132568
val_r2: 0.30440306663513184
test_loss: 94.15673828125
test_mse: 98.5385971069336
test_mae: 7.292296886444092
test_rmse: 9.926660537719727
test_r2: 0.0718117356300354
min_lr: 0.001
max_lr: 0.1
total_time: 14.036820411682129
average_epoch_time: 0.14036602258682251
