train_loss: 5324.873060197395
train_mse: 5324.42626953125
train_mae: 56.449546813964844
train_rmse: 72.96866607666016
train_r2: 0.9926764504309838
val_loss: 8557.16542324318
val_mse: 8557.169921875
val_mae: 67.38838958740234
val_rmse: 92.50497436523438
val_r2: 0.9882486146215291
test_loss: 8952.83791541085
test_mse: 8952.8056640625
test_mae: 67.73241424560547
test_rmse: 94.61927032470703
test_r2: 0.98770087551047
min_lr: 0.0002
max_lr: 0.004
total_time: 1431.6574547290802
average_epoch_time: 14.316554675102234
