train_loss: 64.00798724247859
train_mse: 64.674560546875
train_mae: 5.4224700927734375
train_rmse: 8.042049407958984
train_r2: 0.2312939167022705
val_loss: 36.984235763549805
val_mse: 41.40631866455078
val_mae: 4.819096565246582
val_rmse: 6.434774398803711
val_r2: 0.3161168098449707
test_loss: 97.29966354370117
test_mse: 98.1895523071289
test_mae: 7.233375549316406
test_rmse: 9.909064292907715
test_r2: 0.07509958744049072
min_lr: 0.008
max_lr: 0.03
total_time: 12.999127388000488
average_epoch_time: 0.12998899698257446
