train_loss: 8365.661351857452
train_mse: 8363.8232421875
train_mae: 71.00232696533203
train_rmse: 91.45394134521484
train_r2: 0.9884958742128446
val_loss: 13477.411445114214
val_mse: 13476.9765625
val_mae: 86.98143005371094
val_rmse: 116.09037780761719
val_r2: 0.9814923437750214
test_loss: 13830.545952966371
test_mse: 13828.5009765625
test_mae: 87.90010070800781
test_rmse: 117.59465026855469
test_r2: 0.9810027754019593
min_lr: 1e-06
max_lr: 0.01
total_time: 757.7353949546814
average_epoch_time: 7.577343440055847
