train_loss: 0.470052573427506
train_accuracy: 0.7806289582878357
train_precision: 0.8448880496358241
train_recall: 0.6859395532194481
train_f1: 0.7571618518070833
val_loss: 0.49154286417696214
val_accuracy: 0.7668122270742358
val_precision: 0.8347826086956521
val_recall: 0.6678260869565218
val_f1: 0.7420289855072464
test_loss: 0.48700835555791855
test_accuracy: 0.7641921397379913
test_precision: 0.8280922431865828
test_recall: 0.6775300171526587
test_f1: 0.7452830188679245
min_lr: 1e-05
max_lr: 0.003
total_time: 117.400723695755
average_epoch_time: 1.1740039420127868
