train_loss: 0.49194819254326905
train_accuracy: 0.7729853679842761
train_precision: 0.8266351457840819
train_recall: 0.6892247043363995
train_f1: 0.7517018989609459
val_loss: 0.514211370713181
val_accuracy: 0.7449781659388647
val_precision: 0.7978947368421052
val_recall: 0.6591304347826087
val_f1: 0.7219047619047619
test_loss: 0.5104218795895576
test_accuracy: 0.7685589519650655
test_precision: 0.8218623481781376
test_recall: 0.6963979416809606
test_f1: 0.7539461467038069
min_lr: 1e-05
max_lr: 0.003
total_time: 174.02426552772522
average_epoch_time: 1.740239372253418
