train_loss: 0.5496113647816152
train_accuracy: 0.7245440729483282
train_precision: 0.7107731305449937
train_recall: 0.7305888483585201
train_f1: 0.7205447770782475
val_loss: 0.546180248260498
val_accuracy: 0.7315096251266464
val_precision: 0.7177242888402626
val_recall: 0.7068965517241379
val_f1: 0.7122692725298588
test_loss: 0.5711761116981506
test_accuracy: 0.7186234817813765
test_precision: 0.6718403547671841
test_recall: 0.6997690531177829
test_f1: 0.6855203619909502
min_lr: 0.0001
max_lr: 0.002
total_time: 680.7369899749756
average_epoch_time: 6.807363159656525
