train_loss: 0.5526638608953731
train_accuracy: 0.7227710233029382
train_precision: 0.706900878293601
train_recall: 0.7339760291818656
train_f1: 0.7201840726064169
val_loss: 0.5332905236751803
val_accuracy: 0.7507598784194529
val_precision: 0.7309322033898306
val_recall: 0.7435344827586207
val_f1: 0.7371794871794872
test_loss: 0.5566044190237599
test_accuracy: 0.7125506072874493
test_precision: 0.6568421052631579
test_recall: 0.7205542725173211
test_f1: 0.6872246696035242
min_lr: 5e-05
max_lr: 0.03
total_time: 178.0828251838684
average_epoch_time: 1.7808235096931457
