train_loss: 0.5377656284131502
train_accuracy: 0.7356889564336373
train_precision: 0.7329076882149508
train_recall: 0.7178217821782178
train_f1: 0.7252862972225879
val_loss: 0.5449527828924118
val_accuracy: 0.7396149949341438
val_precision: 0.7346938775510204
val_recall: 0.6982758620689655
val_f1: 0.7160220994475138
test_loss: 0.5611582369573654
test_accuracy: 0.7206477732793523
test_precision: 0.6725274725274726
test_recall: 0.7066974595842956
test_f1: 0.6891891891891891
min_lr: 1e-06
max_lr: 0.001
total_time: 204.14450120925903
average_epoch_time: 2.041440145969391
