train_loss: 1.797555189866286
train_mse: 1.8095757961273193
train_mae: 1.0472145080566406
train_rmse: 1.3452047109603882
train_r2: 0.9784918427467346
val_loss: 19.519057750701904
val_mse: 20.92802619934082
val_mae: 3.3436479568481445
val_rmse: 4.574716091156006
val_r2: 0.654344379901886
test_loss: 14.32506775856018
test_mse: 16.0466365814209
test_mae: 3.077935218811035
test_rmse: 4.005825519561768
test_r2: 0.8488480448722839
min_lr: 1e-06
max_lr: 0.01
total_time: 34.06778001785278
average_epoch_time: 0.34067329406738284
