train_loss: 0.5278594234297352
train_accuracy: 0.7443009118541033
train_precision: 0.7546905628675441
train_recall: 0.7021886399166233
train_f1: 0.7274935888783911
val_loss: 0.5312306433916092
val_accuracy: 0.7477203647416414
val_precision: 0.7517564402810304
val_recall: 0.6918103448275862
val_f1: 0.7205387205387206
test_loss: 0.5573135763406754
test_accuracy: 0.72165991902834
test_precision: 0.6872037914691943
test_recall: 0.6697459584295612
test_f1: 0.6783625730994152
min_lr: 0.0002
max_lr: 0.02
total_time: 63.48987579345703
average_epoch_time: 0.6348939990997314
