train_loss: 0.26687684655189514
train_mse: 0.26687684655189514
train_mae: 0.35395705699920654
train_rmse: 0.5166012644767761
train_r2: 0.7855896949768066
val_loss: 0.28552475571632385
val_mse: 0.28552475571632385
val_mae: 0.3624750077724457
val_rmse: 0.5343451499938965
val_r2: 0.7629479765892029
test_loss: 0.2666439712047577
test_mse: 0.2666439712047577
test_mae: 0.3572676479816437
test_rmse: 0.5163757801055908
test_r2: 0.7960922718048096
