train_loss: 67513.14334152918
train_mse: 67543.125
train_mae: 192.79151916503906
train_rmse: 259.8905944824219
train_r2: 0.9070969410021845
val_loss: 68558.42018956218
val_mse: 68550.8671875
val_mae: 192.45687866210938
val_rmse: 261.82220458984375
val_r2: 0.9058605038871456
test_loss: 74542.71067972716
test_mse: 74554.828125
test_mae: 197.52691650390625
test_rmse: 273.04730224609375
test_r2: 0.8975785658902419
min_lr: 0.0001
max_lr: 0.01
total_time: 2727.9321506023407
average_epoch_time: 27.2793039727211
