train_loss: 22.51279119344858
train_mse: 22.73475456237793
train_mae: 3.3223683834075928
train_rmse: 4.768097400665283
train_r2: 0.7297802567481995
val_loss: 19.06392478942871
val_mse: 20.854143142700195
val_mae: 3.3557846546173096
val_rmse: 4.566633701324463
val_r2: 0.6555646657943726
test_loss: 27.81777811050415
test_mse: 31.875545501708984
test_mae: 3.817744255065918
test_rmse: 5.645843029022217
test_r2: 0.6997469663619995
min_lr: 0.009
max_lr: 0.04
total_time: 18.918381690979004
average_epoch_time: 0.18918079614639283
