train_loss: 18.22153979081374
train_mse: 18.328964233398438
train_mae: 2.8839492797851562
train_rmse: 4.281233787536621
train_r2: 0.7821463942527771
val_loss: 14.057360649108887
val_mse: 14.395249366760254
val_mae: 2.9193692207336426
val_rmse: 3.79410719871521
val_r2: 0.762242317199707
test_loss: 27.621458053588867
test_mse: 29.090864181518555
test_mae: 3.4955780506134033
test_rmse: 5.393594741821289
test_r2: 0.7259774208068848
min_lr: 0.001
max_lr: 0.005
total_time: 21.046535968780518
average_epoch_time: 0.2104632091522217
