train_loss: 0.45076494432907904
train_accuracy: 0.793732255951081
train_precision: 0.8372385991433611
train_recall: 0.7277704774419623
train_f1: 0.7786760398359697
val_loss: 0.49341522074408
val_accuracy: 0.7528384279475983
val_precision: 0.792
val_recall: 0.688695652173913
val_f1: 0.7367441860465117
test_loss: 0.49142709291643566
test_accuracy: 0.7703056768558952
test_precision: 0.811284046692607
test_recall: 0.7152658662092625
test_f1: 0.7602552415679126
min_lr: 1e-06
max_lr: 0.0002
total_time: 112.31696701049805
average_epoch_time: 1.1231660175323486
