train_loss: 0.5652133149174061
train_accuracy: 0.7204913880445796
train_precision: 0.7542874961022763
train_recall: 0.6302761855132881
train_f1: 0.6867281760113556
val_loss: 0.5436167361274842
val_accuracy: 0.7254305977710233
val_precision: 0.7519582245430809
val_recall: 0.6206896551724138
val_f1: 0.680047225501771
test_loss: 0.5559936944515474
test_accuracy: 0.7236842105263158
test_precision: 0.717391304347826
test_recall: 0.6096997690531177
test_f1: 0.6591760299625468
min_lr: 5e-06
max_lr: 0.01
total_time: 508.80863332748413
average_epoch_time: 5.088082163333893
