train_loss: 1173.74619328068
train_mse: 1172.076904296875
train_mae: 26.46333122253418
train_rmse: 34.2356071472168
train_r2: 0.9983878520263018
val_loss: 9147.831928388721
val_mse: 9149.8857421875
val_mae: 60.117103576660156
val_rmse: 95.65503692626953
val_r2: 0.9874346492321102
test_loss: 9861.894951370161
test_mse: 9862.9169921875
test_mae: 61.28791427612305
test_rmse: 99.31221771240234
test_r2: 0.9864505882445641
min_lr: 4e-05
max_lr: 0.001
total_time: 695.6722843647003
average_epoch_time: 6.956715285778046
