train_loss: 9.692332927997295
train_mse: 9.70717716217041
train_mae: 2.1069207191467285
train_rmse: 3.1156342029571533
train_r2: 0.8846228718757629
val_loss: 14.811935901641846
val_mse: 15.869184494018555
val_mae: 3.0870821475982666
val_rmse: 3.983614444732666
val_r2: 0.7378982305526733
test_loss: 13.278408765792847
test_mse: 15.405804634094238
test_mae: 2.579500198364258
test_rmse: 3.925022840499878
test_r2: 0.8548843860626221
min_lr: 0.001
max_lr: 0.003
total_time: 58.59193754196167
average_epoch_time: 0.58591552734375
