train_loss: 0.5100493054149042
train_accuracy: 0.7723302031011138
train_precision: 0.8499294781382228
train_recall: 0.6598773543583005
train_f1: 0.7429416841326594
val_loss: 0.49446147349145675
val_accuracy: 0.7528384279475983
val_precision: 0.8348623853211009
val_recall: 0.6330434782608696
val_f1: 0.7200791295746786
test_loss: 0.5229590891136063
test_accuracy: 0.7580786026200873
test_precision: 0.838495575221239
test_recall: 0.6500857632933105
test_f1: 0.7323671497584542
min_lr: 0.0005
max_lr: 0.003
total_time: 445.2162470817566
average_epoch_time: 4.452157273292541
