train_loss: 8933.499000820411
train_mse: 8933.4013671875
train_mae: 72.32728576660156
train_rmse: 94.51667022705078
train_r2: 0.9877124393394924
val_loss: 26337.614768401014
val_mse: 26338.544921875
val_mae: 107.68414306640625
val_rmse: 162.2915496826172
val_r2: 0.9638298158658022
test_loss: 26599.65442080425
test_mse: 26602.83984375
test_mae: 108.27963256835938
test_rmse: 163.10377502441406
test_r2: 0.9634537316034176
min_lr: 0.0001
max_lr: 0.001
total_time: 723.3102378845215
average_epoch_time: 7.2330921530723575
