train_loss: 0.5397158032245482
train_accuracy: 0.7339159067882473
train_precision: 0.749497270899167
train_recall: 0.6797811360083377
train_f1: 0.7129389260827982
val_loss: 0.5446247025843589
val_accuracy: 0.7335359675785208
val_precision: 0.7481481481481481
val_recall: 0.6530172413793104
val_f1: 0.6973532796317606
test_loss: 0.5530014355336467
test_accuracy: 0.7186234817813765
test_precision: 0.6894865525672371
test_recall: 0.651270207852194
test_f1: 0.669833729216152
min_lr: 5e-06
max_lr: 0.004
total_time: 88.04596614837646
average_epoch_time: 0.8804545545578003
