train_loss: 3.4048341787778416
train_mse: 3.4195520877838135
train_mae: 1.3425456285476685
train_rmse: 1.849203109741211
train_r2: 0.9593560695648193
val_loss: 11.987664699554443
val_mse: 12.270224571228027
val_mae: 2.4316272735595703
val_rmse: 3.5028879642486572
val_r2: 0.7973400950431824
test_loss: 10.14388918876648
test_mse: 10.854482650756836
test_mae: 2.217237949371338
test_rmse: 3.29461407661438
test_r2: 0.8977557420730591
min_lr: 1e-06
max_lr: 0.005
total_time: 6.19567084312439
average_epoch_time: 0.06195425748825073
