train_loss: 0.5271933660391839
train_accuracy: 0.7467071935157041
train_precision: 0.7584364454443194
train_recall: 0.7027097446586764
train_f1: 0.7295104138490668
val_loss: 0.5358342453837395
val_accuracy: 0.75177304964539
val_precision: 0.7613365155131265
val_recall: 0.6875
val_f1: 0.7225368063420159
test_loss: 0.5473546609282494
test_accuracy: 0.72165991902834
test_precision: 0.6863207547169812
test_recall: 0.6720554272517321
test_f1: 0.6791131855309218
min_lr: 0.0001
max_lr: 0.01
total_time: 67.86336326599121
average_epoch_time: 0.6786300158500671
