train_loss: 0.5335014383551966
train_accuracy: 0.7419742301812623
train_precision: 0.784993531694696
train_recall: 0.6644765659220324
train_f1: 0.7197248250504092
val_loss: 0.5445510281456841
val_accuracy: 0.7301310043668122
val_precision: 0.7841880341880342
val_recall: 0.6382608695652174
val_f1: 0.7037392138063279
test_loss: 0.5222119813164076
test_accuracy: 0.7519650655021834
test_precision: 0.7925636007827789
test_recall: 0.6946826758147513
test_f1: 0.7404021937842779
min_lr: 8e-05
max_lr: 0.004
total_time: 314.2997908592224
average_epoch_time: 3.142994179725647
