train_loss: 1.0481310899441059
train_mse: 1.0612099170684814
train_mae: 0.8185184597969055
train_rmse: 1.0301504135131836
train_r2: 0.9873867034912109
val_loss: 15.351149082183838
val_mse: 15.950902938842773
val_mae: 3.131420135498047
val_rmse: 3.9938580989837646
val_r2: 0.7365485429763794
test_loss: 13.604376316070557
test_mse: 14.663522720336914
test_mae: 2.8940792083740234
test_rmse: 3.8292980194091797
test_r2: 0.861876368522644
min_lr: 1e-06
max_lr: 0.008
total_time: 34.80741310119629
average_epoch_time: 0.34806998252868654
