train_loss: 14.308542875143198
train_mse: 14.531709671020508
train_mae: 2.5513203144073486
train_rmse: 3.8120479583740234
train_r2: 0.8272796869277954
val_loss: 15.638602256774902
val_mse: 16.237642288208008
val_mae: 2.916292428970337
val_rmse: 4.029595851898193
val_r2: 0.731812596321106
test_loss: 20.28478980064392
test_mse: 23.757726669311523
test_mae: 2.8831658363342285
test_rmse: 4.874189853668213
test_r2: 0.7762131690979004
min_lr: 0.001
max_lr: 0.1
total_time: 15.880829811096191
average_epoch_time: 0.15880562782287597
