train_loss: 0.47168067139200215
train_accuracy: 0.7806289582878357
train_precision: 0.8345982727034807
train_recall: 0.6984231274638634
train_f1: 0.7604626207225468
val_loss: 0.5018810762299432
val_accuracy: 0.7572052401746725
val_precision: 0.8087318087318087
val_recall: 0.6765217391304348
val_f1: 0.7367424242424243
test_loss: 0.4891880146331257
test_accuracy: 0.7729257641921398
test_precision: 0.8275862068965517
test_recall: 0.6998284734133791
test_f1: 0.758364312267658
min_lr: 8e-05
max_lr: 0.001
total_time: 315.19198775291443
average_epoch_time: 3.151915924549103
