train_loss: 0.33669957518577576
train_mse: 0.33669957518577576
train_mae: 0.40701866149902344
train_rmse: 0.5802581906318665
train_r2: 0.7333068251609802
val_loss: 0.34950289130210876
val_mse: 0.34950289130210876
val_mae: 0.41577741503715515
val_rmse: 0.5911877155303955
val_r2: 0.7153213620185852
test_loss: 0.3794357478618622
test_mse: 0.3794357478618622
test_mae: 0.4183577299118042
test_rmse: 0.6159835457801819
test_r2: 0.7138490676879883
