train_loss: 0.5153017796968159
train_accuracy: 0.7602583586626139
train_precision: 0.7696146382034932
train_recall: 0.7232933819697759
train_f1: 0.7457353928811282
val_loss: 0.5345870179514731
val_accuracy: 0.7588652482269503
val_precision: 0.755656108597285
val_recall: 0.7198275862068966
val_f1: 0.7373068432671082
test_loss: 0.5513780366989874
test_accuracy: 0.7277327935222672
test_precision: 0.6822222222222222
test_recall: 0.7090069284064665
test_f1: 0.695356738391846
min_lr: 0.0001
max_lr: 0.0007
total_time: 217.90485835075378
average_epoch_time: 2.179043881893158
