train_loss: 0.5343565647640536
train_accuracy: 0.7377152988855117
train_precision: 0.7545375972342264
train_recall: 0.6823866597186035
train_f1: 0.7166507046107539
val_loss: 0.5362551659345627
val_accuracy: 0.7406281661600811
val_precision: 0.751207729468599
val_recall: 0.6702586206896551
val_f1: 0.7084282460136674
test_loss: 0.5478580668568611
test_accuracy: 0.7206477732793523
test_precision: 0.6938271604938272
test_recall: 0.648960739030023
test_f1: 0.6706443914081146
min_lr: 0.0002
max_lr: 0.004
total_time: 97.97808146476746
average_epoch_time: 0.9797769641876221
