train_loss: 0.5357432329220327
train_accuracy: 0.7405015197568389
train_precision: 0.7616262064931266
train_recall: 0.6784783741532048
train_f1: 0.7176519222819346
val_loss: 0.541592872911884
val_accuracy: 0.7365754812563323
val_precision: 0.7512315270935961
val_recall: 0.6573275862068966
val_f1: 0.7011494252873564
test_loss: 0.5441505889738759
test_accuracy: 0.7257085020242915
test_precision: 0.6995073891625616
test_recall: 0.6558891454965358
test_f1: 0.6769964243146603
min_lr: 0.0005
max_lr: 0.001
total_time: 352.159854888916
average_epoch_time: 3.521595356464386
