train_loss: 0.5052115510591129
train_accuracy: 0.7565856129685917
train_precision: 0.7630422844590884
train_recall: 0.7240750390828556
train_f1: 0.743048128342246
val_loss: 0.533461837037917
val_accuracy: 0.7406281661600811
val_precision: 0.7385321100917431
val_recall: 0.6939655172413793
val_f1: 0.7155555555555555
test_loss: 0.5537018574053242
test_accuracy: 0.7257085020242915
test_precision: 0.68
test_recall: 0.7066974595842956
test_f1: 0.6930917327293318
min_lr: 5e-05
max_lr: 0.01
total_time: 193.86612129211426
average_epoch_time: 1.9386572861671447
