train_loss: 28.204570623544548
train_mse: 28.097990036010742
train_mae: 3.82063889503479
train_rmse: 5.300753593444824
train_r2: 0.6660341024398804
val_loss: 21.174469470977783
val_mse: 23.02751350402832
val_mae: 3.7662179470062256
val_rmse: 4.798699378967285
val_r2: 0.6196684241294861
test_loss: 37.49970245361328
test_mse: 40.73466110229492
test_mae: 4.440280437469482
test_rmse: 6.382370948791504
test_r2: 0.6162981986999512
min_lr: 1e-05
max_lr: 0.03
total_time: 4.102910280227661
average_epoch_time: 0.041021566390991214
