train_loss: 10.693771105546217
train_mse: 10.875741958618164
train_mae: 2.1838507652282715
train_rmse: 3.2978389263153076
train_r2: 0.8707335591316223
val_loss: 18.341361045837402
val_mse: 18.827226638793945
val_mae: 3.1590983867645264
val_rmse: 4.3390350341796875
val_r2: 0.6890420317649841
test_loss: 21.555709838867188
test_mse: 24.459548950195312
test_mae: 3.1874701976776123
test_rmse: 4.945659637451172
test_r2: 0.7696022987365723
min_lr: 0.0005
max_lr: 0.015
total_time: 14.98209810256958
average_epoch_time: 0.14981839179992676
