train_loss: 66172.22172678061
train_mse: 66191.828125
train_mae: 198.9561004638672
train_rmse: 257.2777404785156
train_r2: 0.9089555740356445
val_loss: 65183.22493654822
val_mse: 65174.88671875
val_mae: 197.69371032714844
val_rmse: 255.29373168945312
val_r2: 0.9104966521263123
test_loss: 66783.9229854061
test_mse: 66790.6640625
test_mae: 199.1688232421875
test_rmse: 258.43890380859375
test_r2: 0.908244788646698
min_lr: 0.0001
max_lr: 0.007
total_time: 2881.301683664322
average_epoch_time: 28.81300007343292
