train_loss: 0.46759999421415427
train_accuracy: 0.7813933173181917
train_precision: 0.8096618357487922
train_recall: 0.7341217696014016
train_f1: 0.77004364805881
val_loss: 0.4985144899951087
val_accuracy: 0.7572052401746725
val_precision: 0.7786116322701688
val_recall: 0.7217391304347827
val_f1: 0.7490974729241877
test_loss: 0.48487867083814407
test_accuracy: 0.765938864628821
test_precision: 0.8
test_recall: 0.7204116638078902
test_f1: 0.7581227436823105
min_lr: 0.0003
max_lr: 0.004
total_time: 179.1793167591095
average_epoch_time: 1.791789562702179
