train_loss: 5.63198892886822
train_mse: 5.662736415863037
train_mae: 1.7120327949523926
train_rmse: 2.379650592803955
train_r2: 0.9326940774917603
val_loss: 13.965067386627197
val_mse: 13.857661247253418
val_mae: 2.5740082263946533
val_rmse: 3.722588062286377
val_r2: 0.7711213827133179
test_loss: 9.926234245300293
test_mse: 10.643620491027832
test_mae: 2.2203266620635986
test_rmse: 3.262456178665161
test_r2: 0.8997420072555542
min_lr: 0.001
max_lr: 0.03
total_time: 9.702334880828857
average_epoch_time: 0.09702114105224609
