train_loss: 0.5327548776802263
train_accuracy: 0.7356889564336373
train_precision: 0.7363022941970311
train_recall: 0.7107868681605003
train_f1: 0.7233196340978391
val_loss: 0.5311675273603008
val_accuracy: 0.7355623100303952
val_precision: 0.7291196388261851
val_recall: 0.6961206896551724
val_f1: 0.7122381477398015
test_loss: 0.5506503745432823
test_accuracy: 0.7236842105263158
test_precision: 0.6851851851851852
test_recall: 0.6836027713625866
test_f1: 0.684393063583815
min_lr: 1e-07
max_lr: 0.0002
total_time: 108.17868208885193
average_epoch_time: 1.081782054901123
