train_loss: 35656.88042686191
train_mse: 35615.78515625
train_mae: 145.68557739257812
train_rmse: 188.72145080566406
train_r2: 0.9510118160854725
val_loss: 36508.09395820114
val_mse: 36497.00390625
val_mae: 147.14511108398438
val_rmse: 191.04188537597656
val_r2: 0.9498794115543865
test_loss: 37542.91485564721
test_mse: 37542.046875
test_mae: 148.87586975097656
test_rmse: 193.75770568847656
test_r2: 0.9484257444346076
min_lr: 0.0001
max_lr: 0.007
total_time: 1452.8969583511353
average_epoch_time: 14.528942632675172
