train_loss: 0.5371774421771046
train_accuracy: 0.7373353596757852
train_precision: 0.7511389521640092
train_recall: 0.6873371547681084
train_f1: 0.7178231292517007
val_loss: 0.5412775845296921
val_accuracy: 0.7365754812563323
val_precision: 0.7440191387559809
val_recall: 0.6702586206896551
val_f1: 0.7052154195011338
test_loss: 0.5542258581807536
test_accuracy: 0.7176113360323887
test_precision: 0.6850961538461539
test_recall: 0.6581986143187067
test_f1: 0.6713780918727915
min_lr: 0.0005
max_lr: 0.005
total_time: 524.8837201595306
average_epoch_time: 5.2488312554359435
