train_loss: 7.829145468198336
train_mse: 7.921230792999268
train_mae: 1.9352413415908813
train_rmse: 2.8144681453704834
train_r2: 0.9058501720428467
val_loss: 13.967633724212646
val_mse: 14.681029319763184
val_mae: 2.71868634223938
val_rmse: 3.831583023071289
val_r2: 0.7575222849845886
test_loss: 13.58322024345398
test_mse: 15.437195777893066
test_mae: 2.51625657081604
test_rmse: 3.9290196895599365
test_r2: 0.8545886874198914
min_lr: 0.001
max_lr: 0.06
total_time: 15.56736445426941
average_epoch_time: 0.15567081689834594
