train_loss: 0.49203225123965366
train_accuracy: 0.7728761738370823
train_precision: 0.8076732673267327
train_recall: 0.7146298729741568
train_f1: 0.7583081570996979
val_loss: 0.4995528707901637
val_accuracy: 0.754585152838428
val_precision: 0.7916666666666666
val_recall: 0.6939130434782609
val_f1: 0.7395736793327156
test_loss: 0.4826439693570137
test_accuracy: 0.7764192139737991
test_precision: 0.8138195777351248
test_recall: 0.7272727272727273
test_f1: 0.7681159420289855
min_lr: 0.0002
max_lr: 0.01
total_time: 181.96724820137024
average_epoch_time: 1.8196683979034425
