train_loss: 0.48462308585020725
train_accuracy: 0.7749508626337628
train_precision: 0.8117998506348021
train_recall: 0.71419185282523
train_f1: 0.7598741698706747
val_loss: 0.49622394724024665
val_accuracy: 0.7633187772925765
val_precision: 0.8003952569169961
val_recall: 0.7043478260869566
val_f1: 0.7493061979648474
test_loss: 0.48702296366294223
test_accuracy: 0.77117903930131
test_precision: 0.8092485549132948
test_recall: 0.7204116638078902
test_f1: 0.7622504537205083
min_lr: 8e-05
max_lr: 0.0007
total_time: 314.67143869400024
average_epoch_time: 3.146710093021393
