train_loss: 11.90659079184899
train_mse: 12.109844207763672
train_mae: 2.3702340126037598
train_rmse: 3.4799201488494873
train_r2: 0.8560653328895569
val_loss: 15.391714096069336
val_mse: 15.43090534210205
val_mae: 2.99163818359375
val_rmse: 3.9282190799713135
val_r2: 0.7451369762420654
test_loss: 16.60280203819275
test_mse: 19.40140724182129
test_mae: 2.791745901107788
test_rmse: 4.404702663421631
test_r2: 0.8172476291656494
min_lr: 0.0001
max_lr: 0.002
total_time: 19.296910524368286
average_epoch_time: 0.19296672582626342
