train_loss: 0.6843939118269013
train_accuracy: 0.5268617602096528
train_precision: 0.5172669334519046
train_recall: 0.7643451598773544
train_f1: 0.6169893043401397
val_loss: 0.6891599562433031
val_accuracy: 0.5048034934497817
val_precision: 0.5047058823529412
val_recall: 0.7460869565217392
val_f1: 0.6021052631578947
test_loss: 0.6888771603504816
test_accuracy: 0.5152838427947598
test_precision: 0.5167464114832536
test_recall: 0.7409948542024014
test_f1: 0.6088794926004228
min_lr: 1e-07
max_lr: 2e-05
total_time: 88.56046843528748
average_epoch_time: 0.8856016874313355
