train_loss: 5.314999378644503
train_mse: 5.355312347412109
train_mae: 1.793185830116272
train_rmse: 2.314154863357544
train_r2: 0.9363480806350708
val_loss: 11.7178635597229
val_mse: 11.1868314743042
val_mae: 2.6683080196380615
val_rmse: 3.344672203063965
val_r2: 0.8152338266372681
test_loss: 13.046971797943115
test_mse: 14.025678634643555
test_mae: 2.519690752029419
test_rmse: 3.7450873851776123
test_r2: 0.8678845167160034
min_lr: 1e-05
max_lr: 0.01
total_time: 5.683769941329956
average_epoch_time: 0.05683420419692993
