train_loss: 0.5360914092861402
train_accuracy: 0.743612142389168
train_precision: 0.768263183357523
train_recall: 0.6955759964958388
train_f1: 0.7301149425287357
val_loss: 0.533940518895785
val_accuracy: 0.737117903930131
val_precision: 0.7729083665338645
val_recall: 0.6747826086956522
val_f1: 0.7205199628597957
test_loss: 0.5132265935341517
test_accuracy: 0.7615720524017467
test_precision: 0.7870370370370371
test_recall: 0.7289879931389366
test_f1: 0.7569011576135353
min_lr: 1e-07
max_lr: 0.001
total_time: 92.508544921875
average_epoch_time: 0.9250815367698669
