train_loss: 36073.87342114134
train_mse: 36086.75
train_mae: 145.47802734375
train_rmse: 189.9651336669922
train_r2: 0.9503640186527174
val_loss: 37625.28324278236
val_mse: 37617.88671875
val_mae: 146.71324157714844
val_rmse: 193.95330810546875
val_r2: 0.9483401243667531
test_loss: 39033.278156725886
test_mse: 39034.05859375
test_mae: 149.267333984375
test_rmse: 197.5703887939453
test_r2: 0.9463760570510986
min_lr: 0.0001
max_lr: 0.01
total_time: 1155.3336265087128
average_epoch_time: 11.553312876224517
