train_loss: 13.964855377490704
train_mse: 14.223306655883789
train_mae: 2.409905195236206
train_rmse: 3.7713799476623535
train_r2: 0.8309452533721924
val_loss: 15.393381595611572
val_mse: 16.33521842956543
val_mae: 2.837242364883423
val_rmse: 4.041685104370117
val_r2: 0.730201005935669
test_loss: 21.618234395980835
test_mse: 25.237613677978516
test_mae: 2.914973020553589
test_rmse: 5.023705005645752
test_r2: 0.7622733116149902
min_lr: 1e-06
max_lr: 0.03
total_time: 5.387489557266235
average_epoch_time: 0.053871281147003174
