train_loss: 15.423645496368408
train_mse: 15.697678565979004
train_mae: 2.53940486907959
train_rmse: 3.9620296955108643
train_r2: 0.8134212493896484
val_loss: 13.864130020141602
val_mse: 14.528388977050781
val_mae: 2.822465181350708
val_rmse: 3.811612367630005
val_r2: 0.7600433826446533
test_loss: 24.06129026412964
test_mse: 29.087268829345703
test_mae: 2.967022657394409
test_rmse: 5.393261432647705
test_r2: 0.7260112762451172
min_lr: 1e-05
max_lr: 0.01
total_time: 3.937145233154297
average_epoch_time: 0.03936423778533935
