train_loss: 0.050100227383771574
train_accuracy: 0.9788407711554639
train_precision: 0.9788438976995245
train_recall: 0.9788407711554639
train_f1: 0.9788402659670219
val_loss: 0.11815281877384443
val_accuracy: 0.9587442556926731
val_precision: 0.9587410335599781
val_recall: 0.9587442556926731
val_f1: 0.9587390780161262
test_loss: 0.11629493180498283
test_accuracy: 0.9607758769061306
test_precision: 0.9607477634085864
test_recall: 0.9607758769061306
test_f1: 0.9607495972724295
min_lr: 2e-05
max_lr: 0.002
total_time: 7455.487018108368
average_epoch_time: 74.5548577451706
