train_loss: 0.5009353143205211
train_accuracy: 0.7676348547717843
train_precision: 0.8000984736582964
train_recall: 0.7117827420061322
train_f1: 0.7533611497450162
val_loss: 0.5189099551902877
val_accuracy: 0.7344978165938865
val_precision: 0.7693836978131213
val_recall: 0.6730434782608695
val_f1: 0.7179962894248608
test_loss: 0.48944617642296684
test_accuracy: 0.777292576419214
test_precision: 0.811787072243346
test_recall: 0.7324185248713551
test_f1: 0.7700631199278629
min_lr: 0.0005
max_lr: 0.007
total_time: 181.14382433891296
average_epoch_time: 1.8114347338676453
