train_loss: 0.23869618822077887
train_accuracy: 0.9085925616758712
train_precision: 0.9090815180972972
train_recall: 0.9085925616758712
train_f1: 0.9080357836148079
val_loss: 0.24831266706144758
val_accuracy: 0.9029792946765116
val_precision: 0.9034367259634939
val_recall: 0.9029792946765116
val_f1: 0.9022780991952063
test_loss: 0.24718892915658489
test_accuracy: 0.9040824756462772
test_precision: 0.9048140495754398
test_recall: 0.9040824756462772
test_f1: 0.9034790223642508
min_lr: 5e-05
max_lr: 0.01
total_time: 5446.6844601631165
average_epoch_time: 54.46682960510254
