train_loss: 0.525773199815904
train_accuracy: 0.7429078014184397
train_precision: 0.7424892703862661
train_recall: 0.7212089630015633
train_f1: 0.7316944224160719
val_loss: 0.5316271260380745
val_accuracy: 0.7396149949341438
val_precision: 0.7305122494432071
val_recall: 0.7068965517241379
val_f1: 0.7185104052573932
test_loss: 0.5597915798425674
test_accuracy: 0.7236842105263158
test_precision: 0.6809954751131222
test_recall: 0.6951501154734411
test_f1: 0.688
min_lr: 0.0004
max_lr: 0.02
total_time: 68.44471096992493
average_epoch_time: 0.6844435000419616
