train_loss: 9.457019530809843
train_mse: 9.341456413269043
train_mae: 1.977421522140503
train_rmse: 3.056379556655884
train_r2: 0.8889697194099426
val_loss: 13.733217239379883
val_mse: 14.25399398803711
val_mae: 2.8437323570251465
val_rmse: 3.7754461765289307
val_r2: 0.7645753622055054
test_loss: 16.663538694381714
test_mse: 19.10468101501465
test_mae: 2.730372905731201
test_rmse: 4.370890140533447
test_r2: 0.8200426697731018
min_lr: 0.0005
max_lr: 0.03
total_time: 28.977818489074707
average_epoch_time: 0.2897741651535034
