train_loss: 4.717980861663818
train_mse: 4.717980861663818
train_mae: 1.5958523750305176
train_rmse: 2.172091245651245
train_r2: 0.9401042461395264
val_loss: 11.990205764770508
val_mse: 11.990205764770508
val_mae: 2.469036817550659
val_rmse: 3.4626877307891846
val_r2: 0.7447314262390137
test_loss: 17.21394157409668
test_mse: 17.21394157409668
test_mae: 2.891859531402588
test_rmse: 4.148968696594238
test_r2: 0.8588730096817017
