train_loss: 3.047725255672748
train_mse: 3.0560102462768555
train_mae: 1.3775522708892822
train_rmse: 1.7481447458267212
train_r2: 0.9636769890785217
val_loss: 20.30914306640625
val_mse: 21.734472274780273
val_mae: 3.657909393310547
val_rmse: 4.66202449798584
val_r2: 0.6410248279571533
test_loss: 17.64090061187744
test_mse: 17.758440017700195
test_mae: 3.4029061794281006
test_rmse: 4.214076519012451
test_r2: 0.8327236175537109
min_lr: 1e-05
max_lr: 0.005
total_time: 15.337636709213257
average_epoch_time: 0.15337246179580688
