train_loss: 0.46227568304912553
train_accuracy: 0.8024677877265779
train_precision: 0.8194669756662805
train_recall: 0.7744196233026719
train_f1: 0.7963067222159668
val_loss: 0.4919302736719449
val_accuracy: 0.7606986899563318
val_precision: 0.7792207792207793
val_recall: 0.7304347826086957
val_f1: 0.7540394973070018
test_loss: 0.5819144083393945
test_accuracy: 0.7799126637554585
test_precision: 0.8036697247706422
test_recall: 0.7512864493996569
test_f1: 0.776595744680851
min_lr: 1e-07
max_lr: 0.002
total_time: 1065.5660853385925
average_epoch_time: 10.655654537677766
