train_loss: 0.15368920400952057
train_accuracy: 0.9389297539419418
train_precision: 0.9388037732091521
train_recall: 0.9389297539419418
train_f1: 0.9388014208039734
val_loss: 0.18760691323863252
val_accuracy: 0.9266794031083803
val_precision: 0.926466600927895
val_recall: 0.9266794031083803
val_f1: 0.9264559840158864
test_loss: 0.18537278104130392
test_accuracy: 0.9278510206189116
test_precision: 0.9276727720668887
test_recall: 0.9278510206189116
test_f1: 0.927664513855093
min_lr: 5e-05
max_lr: 0.015
total_time: 3493.9931704998016
average_epoch_time: 34.939916281700135
