train_loss: 1.9136883387198815
train_mse: 1.9092848300933838
train_mae: 1.0797635316848755
train_rmse: 1.3817687034606934
train_r2: 0.9773067235946655
val_loss: 11.233366012573242
val_mse: 11.752620697021484
val_mae: 2.4882917404174805
val_rmse: 3.4282095432281494
val_r2: 0.8058890104293823
test_loss: 10.340239763259888
test_mse: 11.271856307983398
test_mae: 2.441518545150757
test_rmse: 3.357358455657959
test_r2: 0.8938242793083191
min_lr: 0.0005
max_lr: 0.002
total_time: 11.320878267288208
average_epoch_time: 0.1132049536705017
