train_loss: 8.9312935425685
train_mse: 9.038871765136719
train_mae: 2.0396015644073486
train_rmse: 3.006471633911133
train_r2: 0.8925662040710449
val_loss: 15.045785427093506
val_mse: 15.799901962280273
val_mae: 2.7734506130218506
val_rmse: 3.9749090671539307
val_r2: 0.7390425205230713
test_loss: 13.426517963409424
test_mse: 15.101160049438477
test_mae: 2.5691967010498047
test_rmse: 3.886021137237549
test_r2: 0.8577539920806885
min_lr: 0.001
max_lr: 0.1
total_time: 25.980618476867676
average_epoch_time: 0.25980275869369507
