train_loss: 9578.806036160076
train_mse: 9581.04296875
train_mae: 74.84738159179688
train_rmse: 97.88280487060547
train_r2: 0.9868216321940017
val_loss: 27304.831505789974
val_mse: 27309.87890625
val_mae: 110.15448760986328
val_rmse: 165.2570037841797
val_r2: 0.9624959026250357
test_loss: 27128.912595177666
test_mse: 27133.224609375
test_mae: 110.61143493652344
test_rmse: 164.72166442871094
test_r2: 0.962725101661468
min_lr: 8e-05
max_lr: 0.001
total_time: 667.1905329227448
average_epoch_time: 6.671895940303802
