train_loss: 0.3655611574649811
train_mse: 0.3655611574649811
train_mae: 0.43177008628845215
train_rmse: 0.6046165227890015
train_r2: 0.7064257860183716
val_loss: 0.3698325753211975
val_mse: 0.3698325753211975
val_mae: 0.4372379779815674
val_rmse: 0.6081386208534241
val_r2: 0.6938892006874084
test_loss: 0.3470434248447418
test_mse: 0.3470434248447418
test_mae: 0.42612719535827637
test_rmse: 0.5891039371490479
test_r2: 0.7333500385284424
