train_loss: 19.410442645733173
train_mse: 19.57811164855957
train_mae: 3.1028406620025635
train_rmse: 4.424715995788574
train_r2: 0.7672993540763855
val_loss: 16.091670513153076
val_mse: 17.29612922668457
val_mae: 2.957127332687378
val_rmse: 4.1588616371154785
val_r2: 0.71433025598526
test_loss: 24.0988130569458
test_mse: 28.044605255126953
test_mae: 3.1519157886505127
test_rmse: 5.295715808868408
test_r2: 0.735832691192627
min_lr: 0.001
max_lr: 0.03
total_time: 18.07648515701294
average_epoch_time: 0.18076263666152953
