train_loss: 83.90005141038161
train_mse: 81.49771881103516
train_mae: 6.282523155212402
train_rmse: 9.027608871459961
train_r2: 0.03133803606033325
val_loss: 52.19712543487549
val_mse: 57.942508697509766
val_mae: 5.645735263824463
val_rmse: 7.611997604370117
val_r2: 0.04299849271774292
test_loss: 113.09728240966797
test_mse: 111.50785064697266
test_mae: 7.592537879943848
test_rmse: 10.559727668762207
test_r2: -0.05035269260406494
min_lr: 0.0002
max_lr: 0.1
total_time: 14.855367183685303
average_epoch_time: 0.14855114459991456
