train_loss: 3.6452436172045193
train_mse: 3.6810972690582275
train_mae: 1.342565655708313
train_rmse: 1.9186185598373413
train_r2: 0.9562473893165588
val_loss: 10.535308837890625
val_mse: 10.745728492736816
val_mae: 2.362830877304077
val_rmse: 3.2780678272247314
val_r2: 0.8225193023681641
test_loss: 17.32723569869995
test_mse: 19.13683319091797
test_mae: 2.9632699489593506
test_rmse: 4.374566555023193
test_r2: 0.819739818572998
min_lr: 1e-05
max_lr: 0.006
total_time: 5.602184057235718
average_epoch_time: 0.0560196590423584
