train_loss: 0.5347882337898378
train_accuracy: 0.7351823708206687
train_precision: 0.7207480414455395
train_recall: 0.7430953621677957
train_f1: 0.7317511225144323
val_loss: 0.534427628401787
val_accuracy: 0.7325227963525835
val_precision: 0.7145922746781116
val_recall: 0.7176724137931034
val_f1: 0.7161290322580646
test_loss: 0.5523752858561854
test_accuracy: 0.72165991902834
test_precision: 0.6666666666666666
test_recall: 0.7297921478060047
test_f1: 0.6968026460859978
min_lr: 1e-06
max_lr: 0.003
total_time: 90.92376589775085
average_epoch_time: 0.9092340421676636
