train_loss: 0.5201205391850736
train_accuracy: 0.759008517143481
train_precision: 0.7826503714354182
train_recall: 0.7152869031975471
train_f1: 0.7474539420986384
val_loss: 0.5242458780606588
val_accuracy: 0.74235807860262
val_precision: 0.7661596958174905
val_recall: 0.7008695652173913
val_f1: 0.7320617620345141
test_loss: 0.5020369854238298
test_accuracy: 0.7633187772925765
test_precision: 0.7867647058823529
test_recall: 0.7341337907375644
test_f1: 0.7595385980479148
min_lr: 0.001
max_lr: 0.05
total_time: 101.0906994342804
average_epoch_time: 1.010901927947998
