train_loss: 0.07793190978705423
train_accuracy: 0.9700586692598465
train_precision: 0.9700446979874306
train_recall: 0.9700586692598465
train_f1: 0.9700479349041545
val_loss: 0.11252303094098484
val_accuracy: 0.9569026350665221
val_precision: 0.9568652346872318
val_recall: 0.9569026350665221
val_f1: 0.9568764016692515
test_loss: 0.11126629394040102
test_accuracy: 0.9576606657257926
test_precision: 0.957625929468243
test_recall: 0.9576606657257926
test_f1: 0.9576144857541194
min_lr: 5e-06
max_lr: 0.002
total_time: 3491.230017185211
average_epoch_time: 34.91228332281113
