train_loss: 0.46287107457267285
train_accuracy: 0.7901288490936885
train_precision: 0.8286921929388364
train_recall: 0.7299605781865965
train_f1: 0.7761993479273404
val_loss: 0.49379202392366195
val_accuracy: 0.7633187772925765
val_precision: 0.8140495867768595
val_recall: 0.6852173913043478
val_f1: 0.7440982058545798
test_loss: 0.4803531641761462
test_accuracy: 0.7834061135371179
test_precision: 0.8252427184466019
test_recall: 0.7289879931389366
test_f1: 0.7741347905282331
min_lr: 1e-07
max_lr: 0.001
total_time: 77.55705785751343
average_epoch_time: 0.7755663824081421
