train_loss: 0.5494070018110006
train_accuracy: 0.7280901722391084
train_precision: 0.7317073170731707
train_recall: 0.6956748306409588
train_f1: 0.713236276212101
val_loss: 0.5496173385650881
val_accuracy: 0.7223910840932117
val_precision: 0.7230046948356808
val_recall: 0.6637931034482759
val_f1: 0.6921348314606741
test_loss: 0.5631906438258386
test_accuracy: 0.7155870445344129
test_precision: 0.6792452830188679
test_recall: 0.6651270207852193
test_f1: 0.6721120186697783
min_lr: 1e-07
max_lr: 0.001
total_time: 103.8867039680481
average_epoch_time: 1.0388616561889648
