train_loss: 0.4950320059206428
train_accuracy: 0.7722210089539201
train_precision: 0.806930693069307
train_recall: 0.7139728427507666
train_f1: 0.7576109690913316
val_loss: 0.5091137049926652
val_accuracy: 0.7493449781659388
val_precision: 0.7834645669291339
val_recall: 0.6921739130434783
val_f1: 0.7349953831948293
test_loss: 0.48488976226912606
test_accuracy: 0.7694323144104803
test_precision: 0.8073217726396917
test_recall: 0.7186963979416809
test_f1: 0.7604355716878403
min_lr: 1e-06
max_lr: 0.025
total_time: 91.45784115791321
average_epoch_time: 0.9145761466026306
