train_loss: 57.30348469660832
train_mse: 55.456275939941406
train_mae: 5.138956069946289
train_rmse: 7.446897029876709
train_r2: 0.34086012840270996
val_loss: 37.57479286193848
val_mse: 41.211368560791016
val_mae: 4.854875087738037
val_rmse: 6.419608116149902
val_r2: 0.3193366527557373
test_loss: 85.54341125488281
test_mse: 89.0804672241211
test_mae: 6.555191516876221
test_rmse: 9.438244819641113
test_r2: 0.16090291738510132
min_lr: 0.002
max_lr: 0.2
total_time: 16.12177562713623
average_epoch_time: 0.16121079921722412
