train_loss: 0.5358085920694868
train_accuracy: 0.7429078014184397
train_precision: 0.745385450597177
train_recall: 0.7154768108389786
train_f1: 0.7301249667641585
val_loss: 0.5366943007515322
val_accuracy: 0.7446808510638298
val_precision: 0.7476635514018691
val_recall: 0.6896551724137931
val_f1: 0.7174887892376681
test_loss: 0.5485382176214649
test_accuracy: 0.729757085020243
test_precision: 0.6903669724770642
test_recall: 0.6951501154734411
test_f1: 0.6927502876869965
min_lr: 1e-07
max_lr: 0.003
total_time: 370.97432589530945
average_epoch_time: 3.709739074707031
