train_loss: 0.5342944601045446
train_accuracy: 0.7389817629179332
train_precision: 0.7601756954612006
train_recall: 0.6763939551849922
train_f1: 0.7158417206673101
val_loss: 0.5534458150786739
val_accuracy: 0.7193515704154002
val_precision: 0.7297297297297297
val_recall: 0.6400862068965517
val_f1: 0.6819747416762342
test_loss: 0.5784607414276369
test_accuracy: 0.7095141700404858
test_precision: 0.6763285024154589
test_recall: 0.6466512702078522
test_f1: 0.6611570247933884
min_lr: 1e-07
max_lr: 0.001
total_time: 92.05734419822693
average_epoch_time: 0.9205688977241516
