train_loss: 0.24870075285434723
train_mse: 0.24870075285434723
train_mae: 0.3392461836338043
train_rmse: 0.4986990690231323
train_r2: 0.7996448278427124
val_loss: 0.2721594274044037
val_mse: 0.2721594274044037
val_mae: 0.34729957580566406
val_rmse: 0.5216889977455139
val_r2: 0.7726475596427917
test_loss: 0.26261985301971436
test_mse: 0.26261985301971436
test_mae: 0.34962067008018494
test_rmse: 0.5124644637107849
test_r2: 0.8006296753883362
