train_loss: 8.566431228931133
train_mse: 8.607587814331055
train_mae: 2.0454354286193848
train_rmse: 2.9338691234588623
train_r2: 0.8976923227310181
val_loss: 12.675249099731445
val_mse: 12.48459529876709
val_mae: 2.7778005599975586
val_rmse: 3.5333547592163086
val_r2: 0.7937994599342346
test_loss: 17.518772840499878
test_mse: 19.992692947387695
test_mae: 3.036895751953125
test_rmse: 4.47131872177124
test_r2: 0.8116779923439026
min_lr: 1e-05
max_lr: 0.08
total_time: 5.076100587844849
average_epoch_time: 0.05075896501541138
