train_loss: 0.15603260334687807
train_accuracy: 0.9402485752212199
train_precision: 0.9401387439837017
train_recall: 0.9402485752212199
train_f1: 0.9400710147660062
val_loss: 0.18340786366768608
val_accuracy: 0.9304314899915664
val_precision: 0.9302350063438602
val_recall: 0.9304314899915664
val_f1: 0.9302124282237811
test_loss: 0.17872004443984724
test_accuracy: 0.9311899762486662
test_precision: 0.9310544147568025
test_recall: 0.9311899762486662
test_f1: 0.9309724883670668
min_lr: 1e-05
max_lr: 0.01
total_time: 3175.88729095459
average_epoch_time: 31.758859360218047
