train_loss: 0.48158935664428604
train_accuracy: 0.7781174929023804
train_precision: 0.812685093780849
train_recall: 0.7212001752080596
train_f1: 0.76421443490369
val_loss: 0.4994012150499556
val_accuracy: 0.7563318777292577
val_precision: 0.7936507936507936
val_recall: 0.6956521739130435
val_f1: 0.7414272474513439
test_loss: 0.48680389258596635
test_accuracy: 0.7720524017467248
test_precision: 0.8060836501901141
test_recall: 0.7272727272727273
test_f1: 0.7646528403967539
min_lr: 8e-05
max_lr: 0.02
total_time: 85.8527181148529
average_epoch_time: 0.8585227298736572
