train_loss: 0.4666953588404307
train_accuracy: 0.7867438305306835
train_precision: 0.8262172284644195
train_recall: 0.7247043363994744
train_f1: 0.7721386069303465
val_loss: 0.4927940161691772
val_accuracy: 0.754585152838428
val_precision: 0.7951807228915663
val_recall: 0.688695652173913
val_f1: 0.7381174277726001
test_loss: 0.481438504325019
test_accuracy: 0.7676855895196506
test_precision: 0.8077669902912621
test_recall: 0.7135506003430532
test_f1: 0.7577413479052824
min_lr: 2e-06
max_lr: 0.0005
total_time: 88.78335547447205
average_epoch_time: 0.887830593585968
