train_loss: 0.48037828049725956
train_accuracy: 0.7786634636383489
train_precision: 0.8132247717739945
train_recall: 0.7218572054314498
train_f1: 0.7648219050933982
val_loss: 0.491959853304757
val_accuracy: 0.7606986899563318
val_precision: 0.8003992015968064
val_recall: 0.697391304347826
val_f1: 0.745353159851301
test_loss: 0.47504252526495194
test_accuracy: 0.7851528384279476
test_precision: 0.8234165067178503
test_recall: 0.7358490566037735
test_f1: 0.7771739130434782
min_lr: 5e-05
max_lr: 0.003
total_time: 104.54598641395569
average_epoch_time: 1.0454546976089478
