train_loss: 40847.902073584235
train_mse: 40840.31640625
train_mae: 154.35081481933594
train_rmse: 202.08987426757812
train_r2: 0.9438256671920223
val_loss: 43153.268886817896
val_mse: 43139.65234375
val_mae: 155.50253295898438
val_rmse: 207.70086669921875
val_r2: 0.9407572002951762
test_loss: 43501.02107788705
test_mse: 43503.4453125
test_mae: 157.1669158935547
test_rmse: 208.57479858398438
test_r2: 0.940236131134437
min_lr: 8e-05
max_lr: 0.01
total_time: 2612.967607498169
average_epoch_time: 26.12966122865677
