train_loss: 3.8261906000284047
train_mse: 3.792818784713745
train_mae: 1.483004093170166
train_rmse: 1.9475160837173462
train_r2: 0.9549194574356079
val_loss: 10.637819766998291
val_mse: 10.870092391967773
val_mae: 2.474571466445923
val_rmse: 3.2969822883605957
val_r2: 0.8204652070999146
test_loss: 17.87173557281494
test_mse: 17.40677833557129
test_mae: 2.9492478370666504
test_rmse: 4.17214298248291
test_r2: 0.8360361456871033
min_lr: 1e-06
max_lr: 0.01
total_time: 6.1048314571380615
average_epoch_time: 0.061043381690979004
