train_loss: 0.50149920915914
train_accuracy: 0.7927062513849775
train_precision: 0.7843589487754712
train_recall: 0.7927062513849775
train_f1: 0.7799816952253071
val_loss: 0.5064690342821213
val_accuracy: 0.7904511109963684
val_precision: 0.7817521842845262
val_recall: 0.7904511109963684
val_f1: 0.7774145578845557
test_loss: 0.5078242967307305
test_accuracy: 0.7911087398024165
test_precision: 0.7822234105795056
test_recall: 0.7911087398024165
test_f1: 0.7783850884723712
min_lr: 1e-07
max_lr: 0.03
total_time: 1803.4567937850952
average_epoch_time: 18.034554147720335
