train_loss: 4.375964806630061
train_mse: 4.430666923522949
train_mae: 1.5931094884872437
train_rmse: 2.104914903640747
train_r2: 0.9473381638526917
val_loss: 10.411955833435059
val_mse: 11.223864555358887
val_mae: 2.3911428451538086
val_rmse: 3.3502037525177
val_r2: 0.814622163772583
test_loss: 9.029860496520996
test_mse: 10.111201286315918
test_mae: 2.156805992126465
test_rmse: 3.179811477661133
test_r2: 0.9047571420669556
min_lr: 0.005
max_lr: 0.008
total_time: 19.052638292312622
average_epoch_time: 0.19052412271499633
