train_loss: 5.691716010753925
train_mse: 5.762831687927246
train_mae: 1.9025872945785522
train_rmse: 2.400589942932129
train_r2: 0.9315043687820435
val_loss: 12.695339679718018
val_mse: 12.685275077819824
val_mae: 2.841320753097534
val_rmse: 3.5616393089294434
val_r2: 0.7904849648475647
test_loss: 21.47886085510254
test_mse: 22.7186336517334
test_mae: 3.3383662700653076
test_rmse: 4.766407012939453
test_r2: 0.7860009074211121
min_lr: 1e-05
max_lr: 0.05
total_time: 4.138726472854614
average_epoch_time: 0.041384999752044675
