train_loss: 0.5049254348886157
train_accuracy: 0.7584853090172239
train_precision: 0.7598923283983849
train_recall: 0.735539343408025
train_f1: 0.7475175426982655
val_loss: 0.5353723649055727
val_accuracy: 0.7467071935157041
val_precision: 0.7431818181818182
val_recall: 0.7047413793103449
val_f1: 0.7234513274336283
test_loss: 0.5505330822160167
test_accuracy: 0.7206477732793523
test_precision: 0.6756152125279642
test_recall: 0.6974595842956121
test_f1: 0.6863636363636364
min_lr: 1e-07
max_lr: 0.0004
total_time: 347.13433051109314
average_epoch_time: 3.471339557170868
