train_loss: 1993.0059864024824
train_mse: 1993.7945556640625
train_mae: 34.58419418334961
train_rmse: 44.65192794799805
train_r2: 0.997257609817377
val_loss: 7021.604509537595
val_mse: 7023.41357421875
val_mae: 58.353145599365234
val_rmse: 83.8058090209961
val_r2: 0.9903548900993504
test_loss: 7094.8638129064875
test_mse: 7094.12744140625
test_mae: 58.13875961303711
test_rmse: 84.22664642333984
test_r2: 0.9902542775574856
min_lr: 3e-05
max_lr: 0.001
total_time: 2995.7371678352356
average_epoch_time: 29.95735486268997
