train_loss: 7.601520171532264
train_mse: 7.014073371887207
train_mae: 1.8326996564865112
train_rmse: 2.648409605026245
train_r2: 0.9166324138641357
val_loss: 14.068202495574951
val_mse: 14.494973182678223
val_mae: 2.5445847511291504
val_rmse: 3.8072264194488525
val_r2: 0.7605952620506287
test_loss: 10.42246675491333
test_mse: 11.586880683898926
test_mae: 2.346893548965454
test_rmse: 3.4039506912231445
test_r2: 0.890856921672821
min_lr: 0.001
max_lr: 0.04
total_time: 15.95790958404541
average_epoch_time: 0.15957504272460937
