train_loss: 0.5333422494803363
train_accuracy: 0.7377152988855117
train_precision: 0.7506382978723404
train_recall: 0.689421573736321
train_f1: 0.7187287790302865
val_loss: 0.5413893518909332
val_accuracy: 0.7396149949341438
val_precision: 0.740139211136891
val_recall: 0.6875
val_f1: 0.7128491620111732
test_loss: 0.5523362169342656
test_accuracy: 0.7307692307692307
test_precision: 0.7021791767554479
test_recall: 0.6697459584295612
test_f1: 0.6855791962174941
min_lr: 0.0001
max_lr: 0.005
total_time: 394.7919497489929
average_epoch_time: 3.9479123044013975
