train_loss: 9354.432602006167
train_mse: 9354.8203125
train_mae: 74.03948974609375
train_rmse: 96.72032165527344
train_r2: 0.9871327938246272
val_loss: 11577.517166679885
val_mse: 11572.4365234375
val_mae: 81.19493103027344
val_rmse: 107.57525634765625
val_r2: 0.9841078090486902
test_loss: 11657.518611694955
test_mse: 11658.4736328125
test_mae: 81.16510009765625
test_rmse: 107.97441101074219
test_r2: 0.9839839014483321
min_lr: 1e-05
max_lr: 0.001
total_time: 1380.8705220222473
average_epoch_time: 13.808681297302247
