train_loss: 17.932951890505276
train_mse: 18.315336227416992
train_mae: 2.906240224838257
train_rmse: 4.279642105102539
train_r2: 0.7823083996772766
val_loss: 23.599541664123535
val_mse: 26.004257202148438
val_mae: 3.985210418701172
val_rmse: 5.0994367599487305
val_r2: 0.5705033540725708
test_loss: 28.832130432128906
test_mse: 29.76535987854004
test_mae: 3.906097173690796
test_rmse: 5.455763816833496
test_r2: 0.7196239829063416
min_lr: 0.0008
max_lr: 0.002
total_time: 11.157928943634033
average_epoch_time: 0.11157515525817871
