train_loss: 6.870589586404654
train_mse: 6.897051811218262
train_mae: 1.8550876379013062
train_rmse: 2.6262238025665283
train_r2: 0.9180233478546143
val_loss: 12.944050788879395
val_mse: 13.1836576461792
val_mae: 2.5505683422088623
val_rmse: 3.6309306621551514
val_r2: 0.7822535037994385
test_loss: 15.061229705810547
test_mse: 16.466650009155273
test_mae: 2.727775812149048
test_rmse: 4.0579118728637695
test_r2: 0.8448917269706726
min_lr: 1e-05
max_lr: 0.001
total_time: 10.14207410812378
average_epoch_time: 0.10141833782196046
