train_loss: 0.41931450112563806
train_accuracy: 0.8094562131469754
train_precision: 0.8365545215938917
train_recall: 0.7678493210687691
train_f1: 0.8007308438963116
val_loss: 0.4821039562424024
val_accuracy: 0.7676855895196506
val_precision: 0.788785046728972
val_recall: 0.7339130434782609
val_f1: 0.7603603603603605
test_loss: 0.4878394984536701
test_accuracy: 0.7816593886462883
test_precision: 0.8066298342541437
test_recall: 0.7512864493996569
test_f1: 0.7779751332149202
min_lr: 1e-07
max_lr: 5e-05
total_time: 202.17131853103638
average_epoch_time: 2.0217085337638854
