train_loss: 0.4830127435657177
train_accuracy: 0.7707700101317123
train_precision: 0.8085818624467438
train_recall: 0.6922876498176134
train_f1: 0.7459292532285233
val_loss: 0.5504604251154007
val_accuracy: 0.7193515704154002
val_precision: 0.7391304347826086
val_recall: 0.6228448275862069
val_f1: 0.6760233918128655
test_loss: 0.5688093679566537
test_accuracy: 0.7186234817813765
test_precision: 0.7012987012987013
test_recall: 0.6235565819861432
test_f1: 0.6601466992665037
min_lr: 1e-07
max_lr: 5e-05
total_time: 527.0887458324432
average_epoch_time: 5.2708828830718994
