train_loss: 0.2697504162788391
train_mse: 0.2697504162788391
train_mae: 0.35392501950263977
train_rmse: 0.5193750262260437
train_r2: 0.7839763164520264
val_loss: 0.2977331578731537
val_mse: 0.2977331578731537
val_mae: 0.3705781400203705
val_rmse: 0.5456492900848389
val_r2: 0.7693952918052673
test_loss: 0.27649208903312683
test_mse: 0.27649208903312683
test_mae: 0.3598482012748718
test_rmse: 0.5258251428604126
test_r2: 0.7799795866012573
