train_loss: 0.042957117227685644
train_accuracy: 0.9818764266612737
train_precision: 0.9818646931909413
train_recall: 0.9818764266612737
train_f1: 0.9818570643301486
val_loss: 0.10052084190040696
val_accuracy: 0.9646133457255469
val_precision: 0.9645682750161192
val_recall: 0.9646133457255469
val_f1: 0.9645562758446287
test_loss: 0.09684882972528953
test_accuracy: 0.9666620770369351
test_precision: 0.9666272501047751
test_recall: 0.9666620770369351
test_f1: 0.9665931136015301
min_lr: 1e-05
max_lr: 0.002
total_time: 4539.209167003632
average_epoch_time: 45.39208536148071
