train_loss: 0.5047262613158608
train_accuracy: 0.7647958069447478
train_precision: 0.803472571716155
train_recall: 0.6992991677617171
train_f1: 0.7477751756440282
val_loss: 0.5150316639078988
val_accuracy: 0.7493449781659388
val_precision: 0.7903225806451613
val_recall: 0.6817391304347826
val_f1: 0.7320261437908496
test_loss: 0.4876711244384448
test_accuracy: 0.765938864628821
test_precision: 0.8118811881188119
test_recall: 0.7032590051457976
test_f1: 0.7536764705882354
min_lr: 1e-07
max_lr: 2e-05
total_time: 279.0645513534546
average_epoch_time: 2.790639138221741
