train_loss: 11.66508098749014
train_mse: 11.848292350769043
train_mae: 2.308880090713501
train_rmse: 3.4421348571777344
train_r2: 0.8591740727424622
val_loss: 15.40610933303833
val_mse: 15.781140327453613
val_mae: 2.9351983070373535
val_rmse: 3.972548246383667
val_r2: 0.7393524050712585
test_loss: 16.29683542251587
test_mse: 18.50714683532715
test_mae: 2.795600414276123
test_rmse: 4.301993370056152
test_r2: 0.8256711959838867
min_lr: 1e-06
max_lr: 0.005
total_time: 6.250203847885132
average_epoch_time: 0.06249851226806641
