train_loss: 0.043288634105976304
train_accuracy: 0.9820012090987911
train_precision: 0.9820549629884613
train_recall: 0.9820012090987911
train_f1: 0.9820153326410453
val_loss: 0.09250727407265011
val_accuracy: 0.9663344864976506
val_precision: 0.9664367080664338
val_recall: 0.9663344864976506
val_f1: 0.9663606972451493
test_loss: 0.08960560445226565
test_accuracy: 0.9674193659426525
test_precision: 0.9674846306899471
test_recall: 0.9674193659426525
test_f1: 0.967435712795819
min_lr: 1e-05
max_lr: 0.002
total_time: 3753.9596586227417
average_epoch_time: 37.539590923786164
