train_loss: 16.949070783761833
train_mse: 16.462257385253906
train_mae: 2.744335174560547
train_rmse: 4.057370662689209
train_r2: 0.8043336272239685
val_loss: 17.0364089012146
val_mse: 18.035717010498047
val_mae: 3.052963972091675
val_rmse: 4.246848106384277
val_r2: 0.7021149396896362
test_loss: 21.54034113883972
test_mse: 25.35027503967285
test_mae: 2.8823087215423584
test_rmse: 5.034905433654785
test_r2: 0.7612120509147644
min_lr: 0.002
max_lr: 0.2
total_time: 14.11204195022583
average_epoch_time: 0.14111824750900268
