train_loss: 0.5126522587619813
train_accuracy: 0.754305977710233
train_precision: 0.7755516840882695
train_recall: 0.6959353830119854
train_f1: 0.7335896731667124
val_loss: 0.5259054735783608
val_accuracy: 0.7487335359675785
val_precision: 0.7713567839195979
val_recall: 0.6616379310344828
val_f1: 0.7122969837587007
test_loss: 0.5470941557038215
test_accuracy: 0.7338056680161943
test_precision: 0.7033492822966507
test_recall: 0.6789838337182448
test_f1: 0.690951821386604
min_lr: 1e-07
max_lr: 0.0003
total_time: 101.8755030632019
average_epoch_time: 1.0187506890296936
