train_loss: 0.5244339127694407
train_accuracy: 0.7478470111448835
train_precision: 0.7408083441981748
train_recall: 0.7402292860865034
train_f1: 0.7405187019418741
val_loss: 0.5290967561304569
val_accuracy: 0.7436676798378926
val_precision: 0.7298474945533769
val_recall: 0.7219827586206896
val_f1: 0.7258938244853738
test_loss: 0.5427669808268547
test_accuracy: 0.729757085020243
test_precision: 0.6804347826086956
test_recall: 0.7228637413394919
test_f1: 0.7010078387458006
min_lr: 0.0002
max_lr: 0.007
total_time: 1706.1049544811249
average_epoch_time: 17.061044816970824
