train_loss: 34.61858833380762
train_mse: 34.57594299316406
train_mae: 4.633256435394287
train_rmse: 5.880131244659424
train_r2: 0.9999524420868499
val_loss: 456.4661518232471
val_mse: 456.5551452636719
val_mae: 14.251371383666992
val_rmse: 21.367151260375977
val_r2: 0.999373022132395
test_loss: 499.979853596179
test_mse: 499.9965515136719
test_mae: 14.442670822143555
test_rmse: 22.36060333251953
test_r2: 0.9993131181200947
min_lr: 5e-05
max_lr: 0.001
total_time: 3427.521734714508
average_epoch_time: 34.27519794940949
