train_loss: 7.6334518285898065
train_mse: 7.649084091186523
train_mae: 1.9838825464248657
train_rmse: 2.765697717666626
train_r2: 0.9090848565101624
val_loss: 13.352835178375244
val_mse: 12.802462577819824
val_mae: 2.581731081008911
val_rmse: 3.5780529975891113
val_r2: 0.7885494232177734
test_loss: 14.126792430877686
test_mse: 15.256991386413574
test_mae: 2.6166746616363525
test_rmse: 3.906019926071167
test_r2: 0.8562861680984497
min_lr: 1e-05
max_lr: 0.02
total_time: 5.1494460105896
average_epoch_time: 0.05149242401123047
