train_loss: 0.2540144920349121
train_mse: 0.2540144920349121
train_mae: 0.3509543240070343
train_rmse: 0.5039985179901123
train_r2: 0.7946086525917053
val_loss: 0.28398141264915466
val_mse: 0.28398141264915466
val_mae: 0.36857518553733826
val_rmse: 0.5328990817070007
val_r2: 0.762980580329895
test_loss: 0.2585713267326355
test_mse: 0.2585713267326355
test_mae: 0.3545575737953186
test_rmse: 0.5084990859031677
test_r2: 0.8032928705215454
