train_loss: 0.5383384737276262
train_accuracy: 0.7358156028368794
train_precision: 0.7471783295711061
train_recall: 0.6899426784783742
train_f1: 0.7174207531834191
val_loss: 0.5286622196435928
val_accuracy: 0.7406281661600811
val_precision: 0.7524271844660194
val_recall: 0.6681034482758621
val_f1: 0.7077625570776256
test_loss: 0.544417254626751
test_accuracy: 0.7226720647773279
test_precision: 0.691566265060241
test_recall: 0.6628175519630485
test_f1: 0.6768867924528302
min_lr: 0.0003
max_lr: 0.03
total_time: 65.2486183643341
average_epoch_time: 0.652481758594513
