train_loss: 0.4891660604950443
train_accuracy: 0.7773531338720244
train_precision: 0.8303267973856209
train_recall: 0.6955759964958388
train_f1: 0.7570015492789894
val_loss: 0.5139301584826576
val_accuracy: 0.7589519650655022
val_precision: 0.8160676532769556
val_recall: 0.671304347826087
val_f1: 0.7366412213740459
test_loss: 0.49536916696363026
test_accuracy: 0.7737991266375546
test_precision: 0.8292682926829268
test_recall: 0.6998284734133791
test_f1: 0.7590697674418604
min_lr: 1e-07
max_lr: 0.0002
total_time: 116.52804803848267
average_epoch_time: 1.1652764177322388
