train_loss: 0.17477227653077257
train_accuracy: 0.9374969073318288
train_precision: 0.9375006015161605
train_recall: 0.9374969073318288
train_f1: 0.9372596634097581
val_loss: 0.24446457178057027
val_accuracy: 0.9135470990172286
val_precision: 0.9132378250317019
val_recall: 0.9135470990172286
val_f1: 0.9131156882435578
test_loss: 0.24215609388270043
test_accuracy: 0.9143058758734639
test_precision: 0.9142983869228454
test_recall: 0.9143058758734639
test_f1: 0.9140119734949752
min_lr: 1e-07
max_lr: 0.01
total_time: 3114.7919371128082
average_epoch_time: 31.147897484302522
