train_loss: 0.5312938656401538
train_accuracy: 0.7425278622087133
train_precision: 0.7279616064662794
train_recall: 0.7509119332985931
train_f1: 0.739258689239451
val_loss: 0.5325144519728999
val_accuracy: 0.7355623100303952
val_precision: 0.7136842105263158
val_recall: 0.7306034482758621
val_f1: 0.7220447284345048
test_loss: 0.5506912489091197
test_accuracy: 0.7317813765182186
test_precision: 0.6742738589211619
test_recall: 0.7505773672055427
test_f1: 0.7103825136612022
min_lr: 0.0001
max_lr: 0.002
total_time: 286.081303358078
average_epoch_time: 2.860810549259186
