train_loss: 0.037876401612630506
train_accuracy: 0.9844151038383508
train_precision: 0.9844041028283713
train_recall: 0.9844151038383508
train_f1: 0.9844028996331138
val_loss: 0.09506568156125328
val_accuracy: 0.9673327481454708
val_precision: 0.9672975004182176
val_recall: 0.9673327481454708
val_f1: 0.967301367503771
test_loss: 0.09181147820361385
test_accuracy: 0.9677119548380434
test_precision: 0.9676644441473246
test_recall: 0.9677119548380434
test_f1: 0.9676658772649279
min_lr: 1e-06
max_lr: 0.001
total_time: 4322.111337900162
average_epoch_time: 43.2211013841629
