train_loss: 0.160780090690972
train_accuracy: 0.9364728307756519
train_precision: 0.9366240174348054
train_recall: 0.9364728307756519
train_f1: 0.9363683400311481
val_loss: 0.17564595141140374
val_accuracy: 0.9309306208154765
val_precision: 0.9310517294594293
val_recall: 0.9309306208154765
val_f1: 0.9307702606247286
test_loss: 0.1727458659707187
test_accuracy: 0.9325668651681526
test_precision: 0.9327662443761572
test_recall: 0.9325668651681526
test_f1: 0.9324061975940671
min_lr: 2e-05
max_lr: 0.005
total_time: 6227.693512678146
average_epoch_time: 62.276925113201145
