train_loss: 0.5184237700369623
train_accuracy: 0.7534396156366019
train_precision: 0.839212228101117
train_recall: 0.6252737625930793
train_f1: 0.7166164658634538
val_loss: 0.519239432281918
val_accuracy: 0.7449781659388647
val_precision: 0.8329411764705882
val_recall: 0.6156521739130435
val_f1: 0.708
test_loss: 0.4955064919259813
test_accuracy: 0.7615720524017467
test_precision: 0.8522727272727273
test_recall: 0.6432246998284734
test_f1: 0.7331378299120234
min_lr: 0.0001
max_lr: 0.07
total_time: 61.65306305885315
average_epoch_time: 0.61652756690979
