train_loss: 0.5231758749436753
train_accuracy: 0.7478470111448835
train_precision: 0.7432183302607321
train_recall: 0.7352787910369984
train_f1: 0.7392272429600524
val_loss: 0.5301229184673678
val_accuracy: 0.7497467071935157
val_precision: 0.7405764966740577
val_recall: 0.7198275862068966
val_f1: 0.7300546448087432
test_loss: 0.552751160437061
test_accuracy: 0.7257085020242915
test_precision: 0.6753246753246753
test_recall: 0.7205542725173211
test_f1: 0.6972067039106146
min_lr: 5e-05
max_lr: 0.01
total_time: 555.6784355640411
average_epoch_time: 5.556779220104217
