train_loss: 52.216514587402344
train_mse: 52.216514587402344
train_mae: 4.6787428855896
train_rmse: 7.226099491119385
train_r2: 0.37630385160446167
val_loss: 36.63399124145508
val_mse: 36.63399124145508
val_mae: 4.49236536026001
val_rmse: 6.0526018142700195
val_r2: 0.41279086470603943
test_loss: 78.65363311767578
test_mse: 78.65363311767578
test_mae: 6.359164237976074
test_rmse: 8.868688583374023
test_r2: 0.2697805166244507
