train_loss: 0.4685872573819425
train_accuracy: 0.7896920725049137
train_precision: 0.815035799522673
train_recall: 0.7479194042925975
train_f1: 0.7800365463682047
val_loss: 0.5030792421764798
val_accuracy: 0.7606986899563318
val_precision: 0.7888675623800384
val_recall: 0.7147826086956521
val_f1: 0.7500000000000001
test_loss: 0.4925376805994246
test_accuracy: 0.7807860262008733
test_precision: 0.8051470588235294
test_recall: 0.7512864493996569
test_f1: 0.7772848269742679
min_lr: 0.0001
max_lr: 0.003
total_time: 653.9516296386719
average_epoch_time: 6.539510180950165
