train_loss: 0.5323208138527658
train_accuracy: 0.7382218844984803
train_precision: 0.7261813537675607
train_recall: 0.7407503908285565
train_f1: 0.7333935250870631
val_loss: 0.5301650051147707
val_accuracy: 0.7386018237082067
val_precision: 0.7182203389830508
val_recall: 0.7306034482758621
val_f1: 0.7243589743589743
test_loss: 0.5551907256726296
test_accuracy: 0.7267206477732794
test_precision: 0.6760259179265659
test_recall: 0.7228637413394919
test_f1: 0.6986607142857143
min_lr: 0.0007
max_lr: 0.005
total_time: 99.25554728507996
average_epoch_time: 0.9925527024269104
