train_loss: 0.2979223162986108
train_accuracy: 0.8725992827161264
train_precision: 0.8718569667579756
train_recall: 0.8725992827161264
train_f1: 0.871598227728152
val_loss: 0.33009643540902284
val_accuracy: 0.8613276879916009
val_precision: 0.860333888265388
val_recall: 0.8613276879916009
val_f1: 0.8600393626531766
test_loss: 0.32589126263421014
test_accuracy: 0.8620357302674607
test_precision: 0.8612957118794181
test_recall: 0.8620357302674607
test_f1: 0.8608452747694738
min_lr: 1e-05
max_lr: 0.01
total_time: 2695.2103979587555
average_epoch_time: 26.952091794013977
