train_loss: 0.6847473760930504
train_accuracy: 0.5269709543568465
train_precision: 0.5173230678116671
train_recall: 0.765221200175208
train_f1: 0.6173144876325088
val_loss: 0.6890730973747041
val_accuracy: 0.5048034934497817
val_precision: 0.5047058823529412
val_recall: 0.7460869565217392
val_f1: 0.6021052631578947
test_loss: 0.688955201043023
test_accuracy: 0.514410480349345
test_precision: 0.5161290322580645
test_recall: 0.7409948542024014
test_f1: 0.6084507042253521
min_lr: 1e-07
max_lr: 0.0001
total_time: 93.87154984474182
average_epoch_time: 0.9387097239494324
