train_loss: 18.889426891620342
train_mse: 19.190988540649414
train_mae: 3.0333492755889893
train_rmse: 4.380752086639404
train_r2: 0.7719005346298218
val_loss: 16.606884002685547
val_mse: 17.549562454223633
val_mae: 3.219240665435791
val_rmse: 4.189219951629639
val_r2: 0.7101444602012634
test_loss: 23.40025806427002
test_mse: 27.196409225463867
test_mae: 3.1905791759490967
test_rmse: 5.215017795562744
test_r2: 0.7438223361968994
min_lr: 0.002
max_lr: 0.1
total_time: 12.799695253372192
average_epoch_time: 0.12799482583999633
