train_loss: 589.132311070631
train_mse: 589.0663452148438
train_mae: 18.940725326538086
train_rmse: 24.270689010620117
train_r2: 0.9991897611683241
val_loss: 6211.516661668187
val_mse: 6211.57861328125
val_mae: 42.89564514160156
val_rmse: 78.81356811523438
val_r2: 0.9914697672050946
test_loss: 6101.968495945035
test_mse: 6102.87890625
test_mae: 42.57025909423828
test_rmse: 78.12092590332031
test_r2: 0.9916160278230597
min_lr: 0.0001
max_lr: 0.0015
total_time: 1768.7971830368042
average_epoch_time: 17.687952556610107
