train_loss: 0.692844434066932
train_accuracy: 0.5141952391351824
train_precision: 0.5071107329524736
train_recall: 0.9137100306614104
train_f1: 0.6522316892050339
val_loss: 0.6930371738142438
val_accuracy: 0.5048034934497817
val_precision: 0.5039525691699605
val_recall: 0.8869565217391304
val_f1: 0.6427221172022684
test_loss: 0.6929695126083162
test_accuracy: 0.5126637554585153
test_precision: 0.5123152709359606
test_recall: 0.8919382504288165
test_f1: 0.6508135168961201
min_lr: 1e-07
max_lr: 5e-06
total_time: 108.01900839805603
average_epoch_time: 1.0801857757568358
