train_loss: 15.28999974177434
train_mse: 15.05502700805664
train_mae: 2.695042133331299
train_rmse: 3.8800806999206543
train_r2: 0.8210595846176147
val_loss: 14.511197566986084
val_mse: 14.914630889892578
val_mae: 2.883370876312256
val_rmse: 3.8619465827941895
val_r2: 0.7536640167236328
test_loss: 18.956982374191284
test_mse: 22.595226287841797
test_mae: 2.7234346866607666
test_rmse: 4.753443717956543
test_r2: 0.7871633768081665
min_lr: 0.0005
max_lr: 0.1
total_time: 13.544551372528076
average_epoch_time: 0.13544319868087767
