train_loss: 0.5460416196811537
train_accuracy: 0.7332826747720365
train_precision: 0.7410913140311804
train_recall: 0.6935904116727463
train_f1: 0.7165545087483176
val_loss: 0.565967506939365
val_accuracy: 0.7203647416413373
val_precision: 0.7227488151658767
val_recall: 0.6573275862068966
val_f1: 0.6884875846501128
test_loss: 0.5673260381144862
test_accuracy: 0.7236842105263158
test_precision: 0.6904761904761905
test_recall: 0.6697459584295612
test_f1: 0.6799531066822978
min_lr: 1e-05
max_lr: 0.005
total_time: 63.93665528297424
average_epoch_time: 0.6393641519546509
