train_loss: 0.4641551092942002
train_accuracy: 0.7890369076217515
train_precision: 0.8339249492900609
train_recall: 0.7203241349102059
train_f1: 0.772972972972973
val_loss: 0.4958217350973023
val_accuracy: 0.7676855895196506
val_precision: 0.8172484599589322
val_recall: 0.6921739130434783
val_f1: 0.7495291902071564
test_loss: 0.49809950093428296
test_accuracy: 0.7746724890829695
test_precision: 0.8217821782178217
test_recall: 0.7118353344768439
test_f1: 0.7628676470588235
min_lr: 5e-06
max_lr: 0.004
total_time: 90.5339834690094
average_epoch_time: 0.9053367924690247
