train_loss: 0.5295071472083369
train_accuracy: 0.7401215805471124
train_precision: 0.7611111111111111
train_recall: 0.6782178217821783
train_f1: 0.7172774869109948
val_loss: 0.5306088216602802
val_accuracy: 0.7386018237082067
val_precision: 0.76010101010101
val_recall: 0.6487068965517241
val_f1: 0.7
test_loss: 0.5547028183937073
test_accuracy: 0.7257085020242915
test_precision: 0.7098445595854922
test_recall: 0.6327944572748267
test_f1: 0.6691086691086691
min_lr: 0.0001
max_lr: 0.002
total_time: 83.28388333320618
average_epoch_time: 0.8328355145454407
