train_loss: 44.66038938669058
train_mse: 44.97774124145508
train_mae: 5.0493340492248535
train_rmse: 6.706544876098633
train_r2: 0.46540552377700806
val_loss: 39.21069812774658
val_mse: 41.18333435058594
val_mae: 5.150636672973633
val_rmse: 6.417424201965332
val_r2: 0.31979966163635254
test_loss: 58.64066696166992
test_mse: 59.34247970581055
test_mae: 5.842362880706787
test_rmse: 7.703406810760498
test_r2: 0.4410210847854614
min_lr: 0.001
max_lr: 0.1
total_time: 25.889538049697876
average_epoch_time: 0.2588910341262817
