train_loss: 2.905719903799204
train_mse: 2.9271130561828613
train_mae: 1.355606198310852
train_rmse: 1.7108807563781738
train_r2: 0.9652090668678284
val_loss: 20.335309505462646
val_mse: 21.45088005065918
val_mae: 3.568049907684326
val_rmse: 4.631509304046631
val_r2: 0.6457087397575378
test_loss: 15.916579246520996
test_mse: 16.846454620361328
test_mae: 2.9833223819732666
test_rmse: 4.104443073272705
test_r2: 0.8413141369819641
min_lr: 1e-05
max_lr: 0.03
total_time: 13.304463386535645
average_epoch_time: 0.13303966999053954
