train_loss: 0.5271949867753617
train_accuracy: 0.7525660624590522
train_precision: 0.7828332513526808
train_recall: 0.6971090670170828
train_f1: 0.7374884151992585
val_loss: 0.5310854555832015
val_accuracy: 0.74235807860262
val_precision: 0.7734375
val_recall: 0.688695652173913
val_f1: 0.7286108555657773
test_loss: 0.5093098340762986
test_accuracy: 0.7615720524017467
test_precision: 0.7958015267175572
test_recall: 0.7152658662092625
test_f1: 0.7533875338753387
min_lr: 1e-07
max_lr: 0.0001
total_time: 128.38437700271606
average_epoch_time: 1.2838399028778076
