train_loss: 8.755243631509634
train_mse: 8.829442024230957
train_mae: 2.152034282684326
train_rmse: 2.971437692642212
train_r2: 0.8950554132461548
val_loss: 14.815711975097656
val_mse: 15.97946548461914
val_mae: 2.9957401752471924
val_rmse: 3.9974324703216553
val_r2: 0.7360767722129822
test_loss: 14.70609712600708
test_mse: 16.38377571105957
test_mae: 2.9332263469696045
test_rmse: 4.047687530517578
test_r2: 0.8456723690032959
min_lr: 1e-06
max_lr: 0.002
total_time: 19.435057401657104
average_epoch_time: 0.19434788465499878
