train_loss: 0.522832136481039
train_accuracy: 0.7470871327254306
train_precision: 0.7780126849894292
train_recall: 0.6711829077644607
train_f1: 0.7206602322003077
val_loss: 0.5300140753388405
val_accuracy: 0.7436676798378926
val_precision: 0.7698209718670077
val_recall: 0.6487068965517241
val_f1: 0.704093567251462
test_loss: 0.5592204332351685
test_accuracy: 0.728744939271255
test_precision: 0.710997442455243
test_recall: 0.6420323325635104
test_f1: 0.6747572815533981
min_lr: 0.0003
max_lr: 0.015
total_time: 65.50198554992676
average_epoch_time: 0.6550152039527893
