train_loss: 0.37303865537671005
train_accuracy: 0.8486948402462087
train_precision: 0.847279415943358
train_recall: 0.8486948402462087
train_f1: 0.8463884185978252
val_loss: 0.38338912488474197
val_accuracy: 0.8444777198327051
val_precision: 0.8428856607368062
val_recall: 0.8444777198327051
val_f1: 0.8419771089164471
test_loss: 0.380507336379673
test_accuracy: 0.8442222298716051
test_precision: 0.8429057453325977
test_recall: 0.8442222298716051
test_f1: 0.8417803563960675
min_lr: 1e-07
max_lr: 0.006
total_time: 2166.5831089019775
average_epoch_time: 21.66581839084625
