train_loss: 0.47991490364074707
train_mse: 0.47991490364074707
train_mae: 0.48551326990127563
train_rmse: 0.6927589178085327
train_r2: 0.6158425807952881
val_loss: 0.49075186252593994
val_mse: 0.49075186252593994
val_mae: 0.484485387802124
val_rmse: 0.700536847114563
val_r2: 0.6151735782623291
test_loss: 0.4773578643798828
test_mse: 0.4773578643798828
test_mae: 0.4877939820289612
test_rmse: 0.6909108757972717
test_r2: 0.6187347769737244
