train_loss: 68.01603111853966
train_mse: 67.68670654296875
train_mae: 5.631018161773682
train_rmse: 8.227192878723145
train_r2: 0.1954922080039978
val_loss: 39.10188007354736
val_mse: 43.44767379760742
val_mae: 4.89402961730957
val_rmse: 6.591485023498535
val_r2: 0.2824009656906128
test_loss: 100.88867568969727
test_mse: 101.48163604736328
test_mae: 7.40760612487793
test_rmse: 10.073809623718262
test_r2: 0.04408961534500122
min_lr: 0.002
max_lr: 0.1
total_time: 13.060298681259155
average_epoch_time: 0.1306006932258606
