train_loss: 0.027419166639447212
train_accuracy: 0.9941588640213013
train_precision: 0.9946942329406738
train_recall: 0.9939791560173035
train_auc: 0.9995421767234802
train_prc: 0.9987903833389282
val_loss: 0.043995462357997894
val_accuracy: 0.9935298562049866
val_precision: 0.9949567914009094
val_recall: 0.9928109049797058
val_auc: 0.9990088939666748
val_prc: 0.9970006346702576
test_loss: 0.03754393756389618
test_accuracy: 0.9935298562049866
test_precision: 0.9935298562049866
test_recall: 0.9935298562049866
test_auc: 0.9990246891975403
test_prc: 0.9970638155937195
