train_loss: 1.583424068414248
train_mse: 1.5624240636825562
train_mae: 0.9811860918998718
train_rmse: 1.2499696016311646
train_r2: 0.981429398059845
val_loss: 13.893988609313965
val_mse: 14.429340362548828
val_mae: 2.7279207706451416
val_rmse: 3.7985970973968506
val_r2: 0.7616792917251587
test_loss: 10.456466674804688
test_mse: 11.168415069580078
test_mae: 2.4336097240448
test_rmse: 3.3419179916381836
test_r2: 0.8947986364364624
min_lr: 0.0002
max_lr: 0.002
total_time: 12.310257911682129
average_epoch_time: 0.1230985951423645
