train_loss: 0.5187797613682286
train_accuracy: 0.745694022289767
train_precision: 0.7399056109071841
train_recall: 0.7352787910369984
train_f1: 0.7375849451123889
val_loss: 0.5301949307322502
val_accuracy: 0.7548125633232016
val_precision: 0.741304347826087
val_recall: 0.7349137931034483
val_f1: 0.7380952380952381
test_loss: 0.5639218911528587
test_accuracy: 0.7196356275303644
test_precision: 0.6710526315789473
test_recall: 0.7066974595842956
test_f1: 0.688413948256468
min_lr: 0.0005
max_lr: 0.01
total_time: 104.09763860702515
average_epoch_time: 1.0409720921516419
