train_loss: 0.5371404052504644
train_accuracy: 0.7389817629179332
train_precision: 0.7391655450874832
train_recall: 0.7154768108389786
train_f1: 0.7271282933933536
val_loss: 0.5365145783270558
val_accuracy: 0.7537993920972644
val_precision: 0.7461024498886414
val_recall: 0.7219827586206896
val_f1: 0.7338444687842278
test_loss: 0.5479571184804363
test_accuracy: 0.7186234817813765
test_precision: 0.6659528907922913
test_recall: 0.7182448036951501
test_f1: 0.6911111111111111
min_lr: 1e-07
max_lr: 0.002
total_time: 116.14001083374023
average_epoch_time: 1.1613958311080932
