train_loss: 5.384723223172701
train_mse: 5.427488327026367
train_mae: 1.7043825387954712
train_rmse: 2.3296971321105957
train_r2: 0.9354901909828186
val_loss: 13.95795726776123
val_mse: 14.631343841552734
val_mae: 2.698488473892212
val_rmse: 3.825093984603882
val_r2: 0.7583428621292114
test_loss: 14.83555269241333
test_mse: 15.931366920471191
test_mae: 2.922055959701538
test_rmse: 3.9914116859436035
test_r2: 0.8499338626861572
min_lr: 1e-05
max_lr: 0.002
total_time: 19.53963804244995
average_epoch_time: 0.1953938627243042
