train_loss: 1.6658523816328783
train_mse: 1.6706182956695557
train_mae: 1.0209035873413086
train_rmse: 1.292523980140686
train_r2: 0.9801434278488159
val_loss: 10.972281455993652
val_mse: 11.503708839416504
val_mae: 2.543631076812744
val_rmse: 3.391711711883545
val_r2: 0.8100001811981201
test_loss: 14.164958000183105
test_mse: 14.639459609985352
test_mae: 2.6739912033081055
test_rmse: 3.8261547088623047
test_r2: 0.8621029853820801
min_lr: 1e-06
max_lr: 0.015
total_time: 5.048372268676758
average_epoch_time: 0.05048157691955566
