train_loss: 0.5299861347010743
train_accuracy: 0.753002839047827
train_precision: 0.781524926686217
train_recall: 0.7003942181340341
train_f1: 0.7387387387387387
val_loss: 0.5292183127668169
val_accuracy: 0.7458515283842795
val_precision: 0.7730769230769231
val_recall: 0.6991304347826087
val_f1: 0.7342465753424657
test_loss: 0.5155284528930982
test_accuracy: 0.7554585152838428
test_precision: 0.7800369685767098
test_recall: 0.7238421955403087
test_f1: 0.7508896797153025
min_lr: 0.0001
max_lr: 0.003
total_time: 305.1752190589905
average_epoch_time: 3.0517485785484313
