train_loss: 45.506346076878195
train_mse: 45.4700927734375
train_mae: 5.318670749664307
train_rmse: 6.743151664733887
train_r2: 0.9999374575750999
val_loss: 432.1478396962742
val_mse: 432.1322937011719
val_mae: 13.606513977050781
val_rmse: 20.787792205810547
val_r2: 0.9994065615782205
test_loss: 442.05049721964724
test_mse: 441.9569091796875
test_mae: 13.675896644592285
test_rmse: 21.02277183532715
test_r2: 0.9993928514296226
min_lr: 0.0001
max_lr: 0.001
total_time: 2704.899821281433
average_epoch_time: 27.048976182937622
