train_loss: 36944.3434029981
train_mse: 36911.8984375
train_mae: 146.45794677734375
train_rmse: 192.12469482421875
train_r2: 0.9492290616035461
val_loss: 39237.09013126586
val_mse: 39216.63671875
val_mae: 148.91184997558594
val_rmse: 198.0319061279297
val_r2: 0.9461445808410645
test_loss: 40594.70628767449
test_mse: 40595.1953125
test_mae: 151.1612091064453
test_rmse: 201.4824981689453
test_r2: 0.944231390953064
min_lr: 0.0002
max_lr: 0.01
total_time: 1465.8427078723907
average_epoch_time: 14.658406441211701
