train_loss: 0.23785057663917542
train_mse: 0.23785057663917542
train_mae: 0.33601832389831543
train_rmse: 0.4876992702484131
train_r2: 0.8073955178260803
val_loss: 0.25869181752204895
val_mse: 0.25869181752204895
val_mae: 0.3469603657722473
val_rmse: 0.5086175799369812
val_r2: 0.7835793495178223
test_loss: 0.24715305864810944
test_mse: 0.24715305864810944
test_mae: 0.3451055884361267
test_rmse: 0.4971449077129364
test_r2: 0.8103561401367188
