train_loss: 0.5241904471084656
train_accuracy: 0.7449341438703141
train_precision: 0.7403795466526094
train_recall: 0.7318916102136529
train_f1: 0.7361111111111112
val_loss: 0.5474917638686395
val_accuracy: 0.7152988855116514
val_precision: 0.700218818380744
val_recall: 0.6896551724137931
val_f1: 0.6948968512486428
test_loss: 0.5693029972814745
test_accuracy: 0.7176113360323887
test_precision: 0.6742081447963801
test_recall: 0.6882217090069284
test_f1: 0.6811428571428572
min_lr: 1e-07
max_lr: 5e-05
total_time: 273.2067675590515
average_epoch_time: 2.732062425613403
