train_loss: 0.48141853812471913
train_accuracy: 0.7750600567809566
train_precision: 0.8121574489287494
train_recall: 0.7139728427507666
train_f1: 0.7599067599067599
val_loss: 0.5075213859478632
val_accuracy: 0.7502183406113537
val_precision: 0.7827788649706457
val_recall: 0.6956521739130435
val_f1: 0.7366482504604052
test_loss: 0.48840928491618896
test_accuracy: 0.7746724890829695
test_precision: 0.8143133462282398
test_recall: 0.7221269296740995
test_f1: 0.7654545454545455
min_lr: 5e-05
max_lr: 0.005
total_time: 227.72563862800598
average_epoch_time: 2.2772524309158326
