train_loss: 106324.54859018084
train_mse: 106343.578125
train_mae: 239.84234619140625
train_rmse: 326.1036376953125
train_r2: 0.8537283899351802
val_loss: 128477.09616909898
val_mse: 128486.0859375
val_mae: 254.59910583496094
val_rmse: 358.4495544433594
val_r2: 0.8235526815931344
test_loss: 125051.6408232868
test_mse: 125079.2265625
test_mae: 253.49105834960938
test_rmse: 353.6654052734375
test_r2: 0.8281695193211069
min_lr: 0.0003
max_lr: 0.01
total_time: 1272.8257222175598
average_epoch_time: 12.728239645957947
