train_loss: 0.22385273873806
train_mse: 0.22385273873806
train_mae: 0.3211887776851654
train_rmse: 0.4731307923793793
train_r2: 0.8188053369522095
val_loss: 0.2586156725883484
val_mse: 0.2586156725883484
val_mae: 0.3362380862236023
val_rmse: 0.5085427165031433
val_r2: 0.7821187973022461
test_loss: 0.25444427132606506
test_mse: 0.25444427132606506
test_mae: 0.34199047088623047
test_rmse: 0.5044246912002563
test_r2: 0.8065155744552612
