train_loss: 0.4877337080736955
train_accuracy: 0.7768071631360559
train_precision: 0.8239979445015416
train_recall: 0.702365308804205
train_f1: 0.7583353038543391
val_loss: 0.4962437152862549
val_accuracy: 0.765938864628821
val_precision: 0.8151950718685832
val_recall: 0.6904347826086956
val_f1: 0.7476459510357816
test_loss: 0.4815363354153103
test_accuracy: 0.7851528384279476
test_precision: 0.8404040404040404
test_recall: 0.7135506003430532
test_f1: 0.771799628942486
min_lr: 5e-05
max_lr: 0.002
total_time: 101.76398229598999
average_epoch_time: 1.0176351499557494
