train_loss: 1253.8520814731037
train_mse: 1254.505126953125
train_mae: 26.850648880004883
train_rmse: 35.41899490356445
train_r2: 0.9982744747772186
val_loss: 15855.105253113103
val_mse: 15860.0859375
val_mae: 64.7828598022461
val_rmse: 125.93683624267578
val_r2: 0.9782196697867018
test_loss: 16474.931687718115
test_mse: 16475.982421875
test_mae: 65.41321563720703
test_rmse: 128.3588104248047
test_r2: 0.9773657350735596
min_lr: 0.0001
max_lr: 0.0015
total_time: 1766.0881543159485
average_epoch_time: 17.660860393047333
