train_loss: 6968.9032803453165
train_mse: 6969.654296875
train_mae: 65.94142150878906
train_rmse: 83.48445892333984
train_r2: 0.99041348695755
val_loss: 7871.169535215736
val_mse: 7871.27734375
val_mae: 69.24252319335938
val_rmse: 88.72022247314453
val_r2: 0.9891905188560486
test_loss: 7716.315109950032
test_mse: 7717.22705078125
test_mae: 68.70931243896484
test_rmse: 87.84774780273438
test_r2: 0.9893983006477356
min_lr: 7e-05
max_lr: 0.002
total_time: 3027.295854330063
average_epoch_time: 30.272938783168794
