train_loss: 84.20014220017653
train_mse: 85.21025085449219
train_mae: 6.461231708526611
train_rmse: 9.230939865112305
train_r2: -0.01278829574584961
val_loss: 54.6342134475708
val_mse: 60.55202102661133
val_mae: 5.786233901977539
val_rmse: 7.78151798248291
val_r2: -0.00010132789611816406
test_loss: 116.32133102416992
test_mse: 114.70858001708984
test_mae: 7.850939750671387
test_rmse: 10.710208892822266
test_r2: -0.08050215244293213
min_lr: 0.005
max_lr: 0.2
total_time: 13.823373079299927
average_epoch_time: 0.13823158264160157
