train_loss: 44016.22661455029
train_mse: 44003.0625
train_mae: 160.50033569335938
train_rmse: 209.76907348632812
train_r2: 0.9394754312901192
val_loss: 46750.59190593274
val_mse: 46737.8984375
val_mae: 162.30389404296875
val_rmse: 216.1894989013672
val_r2: 0.9358158031748823
test_loss: 46579.17581099302
test_mse: 46582.48046875
test_mae: 163.2564239501953
test_rmse: 215.82974243164062
test_r2: 0.9360062361023769
min_lr: 0.0001
max_lr: 0.01
total_time: 2083.265647172928
average_epoch_time: 20.832640154361727
