train_loss: 0.4987860516180975
train_accuracy: 0.7641406420615855
train_precision: 0.8343524180100056
train_recall: 0.6574682435392029
train_f1: 0.7354238118569328
val_loss: 0.5082724524868859
val_accuracy: 0.7615720524017467
val_precision: 0.8370535714285714
val_recall: 0.6521739130434783
val_f1: 0.7331378299120235
test_loss: 0.49122915582524407
test_accuracy: 0.7685589519650655
test_precision: 0.836864406779661
test_recall: 0.6775300171526587
test_f1: 0.7488151658767772
min_lr: 2e-05
max_lr: 0.01
total_time: 230.77190709114075
average_epoch_time: 2.3077147245407104
