train_loss: 132530.41601066783
train_mse: 132489.59375
train_mae: 282.969482421875
train_rmse: 363.9912109375
train_r2: 0.8177655215465425
val_loss: 128412.51388007615
val_mse: 128406.671875
val_mae: 279.3788757324219
val_rmse: 358.3387756347656
val_r2: 0.8236617601966548
test_loss: 131638.78672271574
test_mse: 131659.96875
test_mae: 280.92108154296875
test_rmse: 362.84979248046875
test_r2: 0.8191290363138684
min_lr: 0.0001
max_lr: 0.02
total_time: 585.8312094211578
average_epoch_time: 5.85830472946167
