train_loss: 0.5361055363768991
train_accuracy: 0.7396149949341438
train_precision: 0.7412019491066595
train_recall: 0.713392391870766
train_f1: 0.7270313329792883
val_loss: 0.5371612483455289
val_accuracy: 0.7375886524822695
val_precision: 0.7334851936218679
val_recall: 0.6939655172413793
val_f1: 0.7131782945736435
test_loss: 0.5502827571284387
test_accuracy: 0.72165991902834
test_precision: 0.680365296803653
test_recall: 0.6882217090069284
test_f1: 0.6842709529276694
min_lr: 1e-07
max_lr: 0.001
total_time: 113.89271354675293
average_epoch_time: 1.1389231061935425
