train_loss: 0.25412479043006897
train_mse: 0.25412479043006897
train_mae: 0.3477177023887634
train_rmse: 0.5041078925132751
train_r2: 0.7951248288154602
val_loss: 0.27351921796798706
val_mse: 0.27351921796798706
val_mae: 0.35815224051475525
val_rmse: 0.5229906439781189
val_r2: 0.772661030292511
test_loss: 0.26712566614151
test_mse: 0.26712566614151
test_mae: 0.35605478286743164
test_rmse: 0.5168420076370239
test_r2: 0.794654130935669
