train_loss: 0.4640261112815804
train_accuracy: 0.786197859794715
train_precision: 0.8307965499746321
train_recall: 0.7172579938677179
train_f1: 0.7698636577338974
val_loss: 0.48143909374872845
val_accuracy: 0.7703056768558952
val_precision: 0.8145161290322581
val_recall: 0.7026086956521739
val_f1: 0.7544351073762838
test_loss: 0.46707743737432694
test_accuracy: 0.7851528384279476
test_precision: 0.8363273453093812
test_recall: 0.7186963979416809
test_f1: 0.7730627306273061
min_lr: 0.0001
max_lr: 0.008
total_time: 72.8521466255188
average_epoch_time: 0.7285166931152344
