train_loss: 0.12671106887287933
train_accuracy: 0.9502849557560202
train_precision: 0.9502283048700007
train_recall: 0.9502849557560202
train_f1: 0.9502283616406144
val_loss: 0.23247710044294728
val_accuracy: 0.915543622312869
val_precision: 0.9154281815893582
val_recall: 0.915543622312869
val_f1: 0.9154507973525593
test_loss: 0.23140571192563367
test_accuracy: 0.9158720870193797
test_precision: 0.9156552886184008
test_recall: 0.9158720870193797
test_f1: 0.9157232130664753
min_lr: 1e-07
max_lr: 0.002
total_time: 1523.5436425209045
average_epoch_time: 15.235426168441773
