train_loss: 624.7211498899509
train_mse: 624.465087890625
train_mae: 19.291011810302734
train_rmse: 24.989299774169922
train_r2: 0.9991410715825016
val_loss: 10441.891027770067
val_mse: 10437.83203125
val_mae: 52.75074005126953
val_rmse: 102.16571044921875
val_r2: 0.9856659405006555
test_loss: 10187.176602900936
test_mse: 10186.8759765625
test_mae: 52.100257873535156
test_rmse: 100.9300537109375
test_r2: 0.9860055422361197
min_lr: 0.0001
max_lr: 0.002
total_time: 1729.4535813331604
average_epoch_time: 17.294516491889954
