train_loss: 2.890714718745305
train_mse: 2.8896141052246094
train_mae: 1.2956637144088745
train_rmse: 1.699886441230774
train_r2: 0.965654730796814
val_loss: 10.964931964874268
val_mse: 11.35451889038086
val_mae: 2.4875168800354004
val_rmse: 3.3696467876434326
val_r2: 0.8124642372131348
test_loss: 10.75591230392456
test_mse: 11.529312133789062
test_mae: 2.4031424522399902
test_rmse: 3.39548397064209
test_r2: 0.8913991451263428
min_lr: 0.001
max_lr: 0.003
total_time: 10.398054122924805
average_epoch_time: 0.10397703886032104
