train_loss: 57.3418335547814
train_mse: 57.64293670654297
train_mae: 5.0627946853637695
train_rmse: 7.592294692993164
train_r2: 0.31487011909484863
val_loss: 36.249996185302734
val_mse: 39.75802230834961
val_mae: 4.878885746002197
val_rmse: 6.30539608001709
val_r2: 0.3433406949043274
test_loss: 83.8100357055664
test_mse: 86.31813049316406
test_mae: 6.445345401763916
test_rmse: 9.290755271911621
test_r2: 0.18692290782928467
min_lr: 0.001
max_lr: 0.06
total_time: 10.225663900375366
average_epoch_time: 0.10225347995758056
