train_loss: 0.47998670117364944
train_accuracy: 0.7756060275169251
train_precision: 0.8131703666749813
train_recall: 0.7139728427507666
train_f1: 0.7603498542274052
val_loss: 0.5283985369735293
val_accuracy: 0.7467248908296943
val_precision: 0.7821782178217822
val_recall: 0.6869565217391305
val_f1: 0.7314814814814815
test_loss: 0.5097227030330234
test_accuracy: 0.7641921397379913
test_precision: 0.8038834951456311
test_recall: 0.7101200686106347
test_f1: 0.7540983606557377
min_lr: 1e-07
max_lr: 3e-05
total_time: 624.8727266788483
average_epoch_time: 6.248720505237579
