train_loss: 0.4875795820520984
train_accuracy: 0.7768071631360559
train_precision: 0.7981087470449173
train_recall: 0.7393780113885239
train_f1: 0.7676216462028195
val_loss: 0.5041949815220303
val_accuracy: 0.7615720524017467
val_precision: 0.7849056603773585
val_recall: 0.7234782608695652
val_f1: 0.7529411764705882
test_loss: 0.4825972517331441
test_accuracy: 0.7703056768558952
test_precision: 0.7952029520295203
test_recall: 0.7392795883361921
test_f1: 0.7662222222222224
min_lr: 2e-05
max_lr: 0.002
total_time: 88.4730920791626
average_epoch_time: 0.8847261834144592
