train_loss: 0.5481111081505594
train_accuracy: 0.7310030395136778
train_precision: 0.7492728330424665
train_recall: 0.6711829077644607
train_f1: 0.7080813633864761
val_loss: 0.5474638438993885
val_accuracy: 0.7223910840932117
val_precision: 0.7261904761904762
val_recall: 0.6573275862068966
val_f1: 0.6900452488687783
test_loss: 0.5511453036339052
test_accuracy: 0.7327935222672065
test_precision: 0.7161125319693095
test_recall: 0.6466512702078522
test_f1: 0.6796116504854369
min_lr: 1e-05
max_lr: 0.004
total_time: 509.1129627227783
average_epoch_time: 5.091125645637512
