train_loss: 0.4819289618252877
train_accuracy: 0.7744048918977943
train_precision: 0.8134403209628887
train_recall: 0.7104686815593517
train_f1: 0.7584755669862052
val_loss: 0.4891928318474028
val_accuracy: 0.7703056768558952
val_precision: 0.8095238095238095
val_recall: 0.7095652173913043
val_f1: 0.7562557924003707
test_loss: 0.48826629171768826
test_accuracy: 0.7676855895196506
test_precision: 0.8113948919449901
test_recall: 0.7084048027444254
test_f1: 0.7564102564102564
min_lr: 1e-07
max_lr: 2e-05
total_time: 166.43202877044678
average_epoch_time: 1.6643119907379151
