train_loss: 12.261741638183594
train_mse: 12.4771089553833
train_mae: 2.2868759632110596
train_rmse: 3.5322952270507812
train_r2: 0.8517001271247864
val_loss: 13.860857963562012
val_mse: 14.42309856414795
val_mae: 2.856870174407959
val_rmse: 3.7977755069732666
val_r2: 0.7617824077606201
test_loss: 24.230021715164185
test_mse: 28.425806045532227
test_mae: 3.119575262069702
test_rmse: 5.331585884094238
test_r2: 0.7322419881820679
min_lr: 1e-05
max_lr: 0.001
total_time: 5.126667022705078
average_epoch_time: 0.05126293420791626
