train_loss: 85.11642456054688
train_mse: 85.11642456054688
train_mae: 6.463292598724365
train_rmse: 9.22585678100586
train_r2: -0.032205574214458466
val_loss: 60.546913146972656
val_mse: 60.546913146972656
val_mae: 5.785326957702637
val_rmse: 7.781189918518066
val_r2: -0.0027226805686950684
test_loss: 114.44027709960938
test_mse: 114.44027709960938
test_mae: 7.850032329559326
test_rmse: 10.697676658630371
test_r2: -0.09223347902297974
