train_loss: 0.25621554255485535
train_mse: 0.25621554255485535
train_mae: 0.3482798933982849
train_rmse: 0.5061773657798767
train_r2: 0.7942354083061218
val_loss: 0.2767009437084198
val_mse: 0.2767009437084198
val_mae: 0.35954049229621887
val_rmse: 0.5260236859321594
val_r2: 0.7703408002853394
test_loss: 0.2680577039718628
test_mse: 0.2680577039718628
test_mae: 0.35725489258766174
test_rmse: 0.5177428722381592
test_r2: 0.7963743209838867
