train_loss: 1700.4394009972586
train_mse: 1700.97900390625
train_mae: 31.286073684692383
train_rmse: 41.24292755126953
train_r2: 0.9976603670220149
val_loss: 17195.75231871629
val_mse: 17197.662109375
val_mae: 67.2059097290039
val_rmse: 131.13986206054688
val_r2: 0.97638280292061
test_loss: 18923.186268143243
test_mse: 18895.962890625
test_mae: 68.6913833618164
test_rmse: 137.46258544921875
test_r2: 0.9740412325541457
min_lr: 8e-05
max_lr: 0.0015
total_time: 1852.0727932453156
average_epoch_time: 18.520712282657623
