train_loss: 8.866047263145447
train_mse: 9.469569206237793
train_mae: 2.0518364906311035
train_rmse: 3.0772664546966553
train_r2: 0.8874469995498657
val_loss: 12.970626831054688
val_mse: 12.970624923706055
val_mae: 2.6624722480773926
val_rmse: 3.601475477218628
val_r2: 0.7857719659805298
test_loss: 21.286033630371094
test_mse: 21.28603172302246
test_mae: 2.674473524093628
test_rmse: 4.613678932189941
test_r2: 0.7994953393936157
min_lr: 3e-06
max_lr: 0.01
total_time: 2.8832907676696777
average_epoch_time: 0.02883007287979126
