train_loss: 0.4977799203955693
train_accuracy: 0.7588652482269503
train_precision: 0.7692093541202673
train_recall: 0.7199062011464304
train_f1: 0.7437415881561238
val_loss: 0.530954957969727
val_accuracy: 0.7558257345491388
val_precision: 0.7611241217798594
val_recall: 0.7004310344827587
val_f1: 0.7295173961840629
test_loss: 0.5428819454485371
test_accuracy: 0.7419028340080972
test_precision: 0.7022727272727273
test_recall: 0.7136258660508084
test_f1: 0.7079037800687286
min_lr: 0.0001
max_lr: 0.0005
total_time: 212.22278118133545
average_epoch_time: 2.1222237157821655
