train_loss: 0.44532199780284737
train_accuracy: 0.7956977506005678
train_precision: 0.8250904704463209
train_recall: 0.7490144546649146
train_f1: 0.7852140971185857
val_loss: 0.4905762631032202
val_accuracy: 0.7624454148471616
val_precision: 0.791907514450867
val_recall: 0.7147826086956521
val_f1: 0.7513711151736746
test_loss: 0.5045924526121881
test_accuracy: 0.777292576419214
test_precision: 0.8014705882352942
test_recall: 0.7478559176672385
test_f1: 0.7737355811889974
min_lr: 1e-07
max_lr: 0.0003
total_time: 101.84398746490479
average_epoch_time: 1.0184355211257934
