train_loss: 0.532726145079059
train_accuracy: 0.7377152988855117
train_precision: 0.7277648878576953
train_recall: 0.735539343408025
train_f1: 0.7316314630037579
val_loss: 0.5309515781700611
val_accuracy: 0.7335359675785208
val_precision: 0.7228381374722838
val_recall: 0.7025862068965517
val_f1: 0.7125683060109289
test_loss: 0.5549023672938347
test_accuracy: 0.7307692307692307
test_precision: 0.6859688195991092
test_recall: 0.7113163972286374
test_f1: 0.6984126984126984
min_lr: 0.008
max_lr: 0.05
total_time: 62.26225566864014
average_epoch_time: 0.622618727684021
