train_loss: 0.560206949710846
train_accuracy: 0.7242485880851746
train_precision: 0.7224828600883484
train_recall: 0.6985345482826233
train_auc: 0.7852848172187805
val_loss: 0.5695173740386963
val_accuracy: 0.719351589679718
val_precision: 0.7059509754180908
val_recall: 0.6670341491699219
val_auc: 0.7771456837654114
test_loss: 0.5652848482131958
test_accuracy: 0.7088607549667358
test_precision: 0.7147613763809204
test_recall: 0.6694386601448059
test_auc: 0.7848833203315735
