train_loss: 0.5177241565873814
train_accuracy: 0.7554051102860887
train_precision: 0.8041317991631799
train_recall: 0.6734559789750328
train_f1: 0.733015494636472
val_loss: 0.5280147095521291
val_accuracy: 0.7519650655021834
val_precision: 0.8050314465408805
val_recall: 0.6678260869565218
val_f1: 0.7300380228136882
test_loss: 0.5107765901419852
test_accuracy: 0.7624454148471616
test_precision: 0.807920792079208
test_recall: 0.6998284734133791
test_f1: 0.75
min_lr: 4e-05
max_lr: 0.001
total_time: 311.2734498977661
average_epoch_time: 3.1127305579185487
