train_loss: 6.970508593779344
train_mse: 6.935667514801025
train_mae: 1.877939224243164
train_rmse: 2.633565664291382
train_r2: 0.917564332485199
val_loss: 15.055081844329834
val_mse: 15.369772911071777
val_mae: 2.774233341217041
val_rmse: 3.9204301834106445
val_r2: 0.7461466789245605
test_loss: 9.105481386184692
test_mse: 10.260634422302246
test_mae: 2.1047799587249756
test_rmse: 3.2032225131988525
test_r2: 0.9033495187759399
min_lr: 0.0005
max_lr: 0.015
total_time: 15.521347999572754
average_epoch_time: 0.1552090549468994
