train_loss: 0.10200391882119725
train_accuracy: 0.9625394516887582
train_precision: 0.9626313056687841
train_recall: 0.9625394516887582
train_f1: 0.9625690423212283
val_loss: 0.1713719052808269
val_accuracy: 0.9395707474914373
val_precision: 0.9397186002450731
val_recall: 0.9395707474914373
val_f1: 0.9396254141710652
test_loss: 0.1705646935833971
test_accuracy: 0.9403290764517572
test_precision: 0.9404769387516758
test_recall: 0.9403290764517572
test_f1: 0.9403764532036929
min_lr: 1e-07
max_lr: 0.002
total_time: 3269.5914328098297
average_epoch_time: 32.695897495746614
