train_loss: 5.579716462355393
train_mse: 5.5731048583984375
train_mae: 1.7596044540405273
train_rmse: 2.3607423305511475
train_r2: 0.9337594509124756
val_loss: 12.455307960510254
val_mse: 11.8071928024292
val_mae: 2.4953107833862305
val_rmse: 3.436159610748291
val_r2: 0.8049877285957336
test_loss: 24.1909122467041
test_mse: 24.479286193847656
test_mae: 3.3486502170562744
test_rmse: 4.947654724121094
test_r2: 0.7694163918495178
min_lr: 1e-05
max_lr: 0.03
total_time: 4.147890090942383
average_epoch_time: 0.04147377252578735
