train_loss: 0.09181340469974647
train_accuracy: 0.9641981975392043
train_precision: 0.9641700929714011
train_recall: 0.9641981975392043
train_f1: 0.9641606411285613
val_loss: 0.138553088939121
val_accuracy: 0.946300407910363
val_precision: 0.9461973757625003
val_recall: 0.946300407910363
val_f1: 0.946206606745967
test_loss: 0.13511743995521036
test_accuracy: 0.94865925441465
test_precision: 0.9485719507402942
test_recall: 0.94865925441465
test_f1: 0.9485782028003746
min_lr: 5e-05
max_lr: 0.01
total_time: 3922.9504432678223
average_epoch_time: 39.22948981285095
