train_loss: 65.44901275634766
train_mse: 64.30361938476562
train_mae: 5.705091953277588
train_rmse: 8.018953323364258
train_r2: 0.23570281267166138
val_loss: 38.29996204376221
val_mse: 42.42544937133789
val_mae: 5.085787773132324
val_rmse: 6.513482093811035
val_r2: 0.29928433895111084
test_loss: 97.3016471862793
test_mse: 99.82222747802734
test_mae: 7.50056266784668
test_rmse: 9.991106986999512
test_r2: 0.059720516204833984
min_lr: 0.005
max_lr: 0.2
total_time: 8.79668402671814
average_epoch_time: 0.08796477079391479
