train_loss: 0.5199602312645931
train_accuracy: 0.7460739614994935
train_precision: 0.7856029915861639
train_recall: 0.6568525273579989
train_f1: 0.7154817652901944
val_loss: 0.5200700625296562
val_accuracy: 0.7436676798378926
val_precision: 0.7712082262210797
val_recall: 0.646551724137931
val_f1: 0.7033997655334114
test_loss: 0.5350903349538003
test_accuracy: 0.7439271255060729
test_precision: 0.7406417112299465
test_recall: 0.6397228637413395
test_f1: 0.6864931846344485
min_lr: 1e-05
max_lr: 0.0001
total_time: 1617.8676142692566
average_epoch_time: 16.178671727180483
