train_loss: 0.5177289184169902
train_accuracy: 0.7629395064424547
train_precision: 0.8103135527338688
train_recall: 0.6848445028471309
train_f1: 0.7423145400593472
val_loss: 0.5121091744965978
val_accuracy: 0.754585152838428
val_precision: 0.8037190082644629
val_recall: 0.6765217391304348
val_f1: 0.7346553352219074
test_loss: 0.4945039111706946
test_accuracy: 0.7676855895196506
test_precision: 0.8151093439363817
test_recall: 0.7032590051457976
test_f1: 0.7550644567219152
min_lr: 1e-07
max_lr: 0.001
total_time: 96.34004998207092
average_epoch_time: 0.9633977937698365
