train_loss: 24.487528874323917
train_mse: 24.579448699951172
train_mae: 3.571573495864868
train_rmse: 4.957766532897949
train_r2: 0.7078546285629272
val_loss: 23.476606369018555
val_mse: 25.197172164916992
val_mae: 3.7146832942962646
val_rmse: 5.019678592681885
val_r2: 0.5838334560394287
test_loss: 30.972872734069824
test_mse: 33.73141860961914
test_mae: 3.9538958072662354
test_rmse: 5.807875633239746
test_r2: 0.6822655200958252
min_lr: 0.002
max_lr: 0.1
total_time: 19.457313776016235
average_epoch_time: 0.1945706534385681
