train_loss: 0.4608336336105958
train_accuracy: 0.7884909368857829
train_precision: 0.7962587333784088
train_recall: 0.7737625930792816
train_f1: 0.7848494946129069
val_loss: 0.4968065205547545
val_accuracy: 0.7537117903930131
val_precision: 0.7630161579892281
val_recall: 0.7391304347826086
val_f1: 0.7508833922261485
test_loss: 0.4822770547535684
test_accuracy: 0.7729257641921398
test_precision: 0.7848324514991182
test_recall: 0.7632933104631218
test_f1: 0.773913043478261
min_lr: 0.0005
max_lr: 0.001
total_time: 400.4085512161255
average_epoch_time: 4.004081904888153
