train_loss: 0.251733660697937
train_mse: 0.251733660697937
train_mae: 0.34152522683143616
train_rmse: 0.5017306804656982
train_r2: 0.7980186939239502
val_loss: 0.27615582942962646
val_mse: 0.27615582942962646
val_mae: 0.3506681025028229
val_rmse: 0.5255053043365479
val_r2: 0.7692204713821411
test_loss: 0.2605976164340973
test_mse: 0.2605976164340973
test_mae: 0.35078179836273193
test_rmse: 0.5104876160621643
test_r2: 0.8022939562797546
