train_loss: 12.822159400353065
train_mse: 13.039436340332031
train_mae: 2.4631357192993164
train_rmse: 3.611016035079956
train_r2: 0.8450164794921875
val_loss: 13.699172496795654
val_mse: 13.740869522094727
val_mae: 2.7434747219085693
val_rmse: 3.7068679332733154
val_r2: 0.7730503082275391
test_loss: 20.335702180862427
test_mse: 23.80295753479004
test_mae: 2.7865145206451416
test_rmse: 4.8788275718688965
test_r2: 0.7757871150970459
min_lr: 0.002
max_lr: 0.1
total_time: 16.246450185775757
average_epoch_time: 0.16246114492416383
