train_loss: 0.6855571535821575
train_accuracy: 0.5286088665647521
train_precision: 0.5180670439703962
train_recall: 0.7818659658344284
train_f1: 0.6231997905210788
val_loss: 0.6905035442776151
val_accuracy: 0.5048034934497817
val_precision: 0.5046082949308756
val_recall: 0.7617391304347826
val_f1: 0.6070686070686071
test_loss: 0.6881716185145907
test_accuracy: 0.519650655021834
test_precision: 0.5194805194805194
test_recall: 0.7547169811320755
test_f1: 0.6153846153846154
min_lr: 5e-06
max_lr: 0.002
total_time: 223.63363552093506
average_epoch_time: 2.236332218647003
