train_loss: 0.03318882402447247
train_accuracy: 0.9862115406543333
train_precision: 0.9862256717653721
train_recall: 0.9862115406543333
train_f1: 0.9862146977912576
val_loss: 0.08596427507784693
val_accuracy: 0.9701037847885579
val_precision: 0.9700933342190625
val_recall: 0.9701037847885579
val_f1: 0.9700941209563956
test_loss: 0.08682668334209577
test_accuracy: 0.9705001549000034
test_precision: 0.9705320878836761
test_recall: 0.9705001549000034
test_f1: 0.9705111526914995
min_lr: 3e-06
max_lr: 0.002
total_time: 4491.0640115737915
average_epoch_time: 44.91063502550125
