train_loss: 0.48962849709722733
train_accuracy: 0.7738589211618258
train_precision: 0.8124217380415728
train_recall: 0.7104686815593517
train_f1: 0.7580324804299567
val_loss: 0.5010191135936313
val_accuracy: 0.7615720524017467
val_precision: 0.805668016194332
val_recall: 0.6921739130434783
val_f1: 0.744621141253508
test_loss: 0.4915885263019138
test_accuracy: 0.7685589519650655
test_precision: 0.8081395348837209
test_recall: 0.7152658662092625
test_f1: 0.7588717015468609
min_lr: 3e-05
max_lr: 0.04
total_time: 357.3383536338806
average_epoch_time: 3.5733773612976076
