train_loss: 7.493473199697641
train_mse: 7.648575305938721
train_mae: 1.9801008701324463
train_rmse: 2.7656056880950928
train_r2: 0.9090908765792847
val_loss: 13.258273601531982
val_mse: 13.802240371704102
val_mae: 2.756570816040039
val_rmse: 3.715136766433716
val_r2: 0.7720366716384888
test_loss: 12.292762994766235
test_mse: 13.650790214538574
test_mae: 2.5508623123168945
test_rmse: 3.694697618484497
test_r2: 0.8714158535003662
min_lr: 1e-05
max_lr: 0.02
total_time: 5.7809271812438965
average_epoch_time: 0.05780692100524902
