train_loss: 0.06230366868397738
train_accuracy: 0.9755577021959557
train_precision: 0.9756058673947915
train_recall: 0.9755577021959557
train_f1: 0.9755738852351307
val_loss: 0.12760618827531384
val_accuracy: 0.9523760348358892
val_precision: 0.9524490745778654
val_recall: 0.9523760348358892
val_f1: 0.9524032187305563
test_loss: 0.12421673194131924
test_accuracy: 0.9541495989811022
test_precision: 0.9542018313468317
test_recall: 0.9541495989811022
test_f1: 0.9541542372661064
min_lr: 1e-05
max_lr: 0.002
total_time: 5286.579707145691
average_epoch_time: 52.86578507184982
