train_loss: 24.62154432443472
train_mse: 24.689220428466797
train_mae: 3.5661585330963135
train_rmse: 4.968824863433838
train_r2: 0.7065499424934387
val_loss: 26.263524055480957
val_mse: 26.908926010131836
val_mae: 3.9290051460266113
val_rmse: 5.187381267547607
val_r2: 0.5555614233016968
test_loss: 30.717536449432373
test_mse: 34.833641052246094
test_mae: 4.0839385986328125
test_rmse: 5.902003288269043
test_r2: 0.6718831062316895
min_lr: 2e-05
max_lr: 0.06
total_time: 4.179191827774048
average_epoch_time: 0.04178938865661621
