train_loss: 0.49590330433347085
train_accuracy: 0.7749508626337628
train_precision: 0.8173296174309602
train_recall: 0.7065265002190101
train_f1: 0.7578996828380125
val_loss: 0.5140896505779691
val_accuracy: 0.7519650655021834
val_precision: 0.8012422360248447
val_recall: 0.6730434782608695
val_f1: 0.7315689981096408
test_loss: 0.4829352307650778
test_accuracy: 0.7790393013100436
test_precision: 0.8260869565217391
test_recall: 0.7169811320754716
test_f1: 0.7676767676767676
min_lr: 5e-05
max_lr: 0.002
total_time: 308.0797288417816
average_epoch_time: 3.0807931661605834
