train_loss: 0.045496815839543375
train_accuracy: 0.9823992220460447
train_precision: 0.9824377850480189
train_recall: 0.9823992220460447
train_f1: 0.982405393997731
val_loss: 0.12388871440721372
val_accuracy: 0.9584172389459734
val_precision: 0.9584515287891958
val_recall: 0.9584172389459734
val_f1: 0.9584106274245465
test_loss: 0.11921190236190474
test_accuracy: 0.9592785102061892
test_precision: 0.9593161903822798
test_recall: 0.9592785102061892
test_f1: 0.9592696347484836
min_lr: 1e-05
max_lr: 0.002
total_time: 7822.698728084564
average_epoch_time: 78.22697769641876
