train_loss: 19.645039595090427
train_mse: 17.833890914916992
train_mae: 2.6942803859710693
train_rmse: 4.223019123077393
train_r2: 0.788030743598938
val_loss: 13.159315586090088
val_mse: 13.88452434539795
val_mae: 2.630791664123535
val_rmse: 3.726194381713867
val_r2: 0.7706776857376099
test_loss: 29.512933254241943
test_mse: 34.84379959106445
test_mae: 3.195539951324463
test_rmse: 5.902863502502441
test_r2: 0.671787440776825
min_lr: 1e-05
max_lr: 0.005
total_time: 5.0279130935668945
average_epoch_time: 0.050273985862731935
