train_loss: 0.5387908622079532
train_accuracy: 0.7369554204660588
train_precision: 0.736629938188659
train_recall: 0.7141740489838457
train_f1: 0.7252282047889933
val_loss: 0.5344603907677435
val_accuracy: 0.7284701114488349
val_precision: 0.7227272727272728
val_recall: 0.6853448275862069
val_f1: 0.7035398230088495
test_loss: 0.5558684814360834
test_accuracy: 0.7155870445344129
test_precision: 0.6719457013574661
test_recall: 0.6859122401847575
test_f1: 0.6788571428571428
min_lr: 1e-06
max_lr: 0.002
total_time: 101.2847535610199
average_epoch_time: 1.012842435836792
