train_loss: 0.24695852398872375
train_mse: 0.24695852398872375
train_mae: 0.3383241593837738
train_rmse: 0.4969492256641388
train_r2: 0.8013515472412109
val_loss: 0.2741757035255432
val_mse: 0.2741757035255432
val_mae: 0.35072240233421326
val_rmse: 0.5236179232597351
val_r2: 0.7728245854377747
test_loss: 0.2596885859966278
test_mse: 0.2596885859966278
test_mae: 0.34629490971565247
test_rmse: 0.5095964670181274
test_r2: 0.8040857315063477
