train_loss: 15.35766315460205
train_mse: 15.35766315460205
train_mae: 2.837949275970459
train_rmse: 3.9188854694366455
train_r2: 0.8098497986793518
val_loss: 16.262054443359375
val_mse: 16.262054443359375
val_mae: 3.098289728164673
val_rmse: 4.032623767852783
val_r2: 0.7087205648422241
test_loss: 32.775535583496094
test_mse: 32.775535583496094
test_mae: 4.003326416015625
test_rmse: 5.724992275238037
test_r2: 0.7150781154632568
