train_loss: 14.595649719238281
train_mse: 14.595649719238281
train_mae: 2.7459709644317627
train_rmse: 3.820425271987915
train_r2: 0.8286206126213074
val_loss: 18.63976287841797
val_mse: 18.63976287841797
val_mae: 3.2158167362213135
val_rmse: 4.317378997802734
val_r2: 0.7330932021141052
test_loss: 22.43168830871582
test_mse: 22.43168830871582
test_mae: 3.1716365814208984
test_rmse: 4.736210346221924
test_r2: 0.7690664529800415
