train_loss: 0.519607781429324
train_accuracy: 0.7811749290238044
train_precision: 0.8626840317100792
train_recall: 0.667323696890057
train_f1: 0.7525314892566067
val_loss: 0.5566212667359246
val_accuracy: 0.7475982532751092
val_precision: 0.8220720720720721
val_recall: 0.6347826086956522
val_f1: 0.7163886162904809
test_loss: 0.5367551445960999
test_accuracy: 0.7650655021834061
test_precision: 0.8298319327731093
test_recall: 0.6775300171526587
test_f1: 0.7459867799811143
min_lr: 1e-07
max_lr: 6e-05
total_time: 86.19515657424927
average_epoch_time: 0.8619474077224731
