train_loss: 0.03870694555682212
train_accuracy: 0.9845721575959158
train_precision: 0.9846800471357301
train_recall: 0.9845721575959158
train_f1: 0.9846003469267395
val_loss: 0.09519156111642259
val_accuracy: 0.9643379632020103
val_precision: 0.9644721915101709
val_recall: 0.9643379632020103
val_f1: 0.9643777360027846
test_loss: 0.09508948843712849
test_accuracy: 0.9647172214381605
test_precision: 0.9649144976155618
test_recall: 0.9647172214381605
test_f1: 0.9647776331418213
min_lr: 1e-05
max_lr: 0.002
total_time: 4535.064696311951
average_epoch_time: 45.350630450248715
