train_loss: 10.499895132504976
train_mse: 10.637975692749023
train_mae: 2.2736380100250244
train_rmse: 3.2615909576416016
train_r2: 0.8735595941543579
val_loss: 14.458264827728271
val_mse: 14.925350189208984
val_mae: 3.0261855125427246
val_rmse: 3.8633341789245605
val_r2: 0.7534869909286499
test_loss: 13.354848384857178
test_mse: 15.320335388183594
test_mae: 2.647308111190796
test_rmse: 3.9141199588775635
test_r2: 0.8556894659996033
min_lr: 0.002
max_lr: 0.008
total_time: 5.627234697341919
average_epoch_time: 0.05627036571502685
