train_loss: 0.3761620819568634
train_mse: 0.3761620819568634
train_mae: 0.40215468406677246
train_rmse: 0.613320529460907
train_r2: 0.7056323885917664
val_loss: 0.361996591091156
val_mse: 0.361996591091156
val_mae: 0.4035877287387848
val_rmse: 0.6016615033149719
val_r2: 0.7191152572631836
test_loss: 0.3630885183811188
test_mse: 0.3630885183811188
test_mae: 0.4013822376728058
test_rmse: 0.6025682687759399
test_r2: 0.71171635389328
