train_loss: 0.46734940591785645
train_accuracy: 0.7865254422362962
train_precision: 0.8315976631953264
train_recall: 0.7170389837932545
train_f1: 0.7700811478301777
val_loss: 0.5002733435895708
val_accuracy: 0.7624454148471616
val_precision: 0.806060606060606
val_recall: 0.6939130434782609
val_f1: 0.7457943925233645
test_loss: 0.48317574461301166
test_accuracy: 0.7816593886462883
test_precision: 0.8297029702970297
test_recall: 0.7186963979416809
test_f1: 0.7702205882352942
min_lr: 5e-05
max_lr: 0.002
total_time: 107.525563955307
average_epoch_time: 1.075251431465149
