train_loss: 0.48601181219946515
train_accuracy: 0.7522796352583586
train_precision: 0.8155600268276325
train_recall: 0.6336633663366337
train_f1: 0.7131964809384165
val_loss: 0.552499113544341
val_accuracy: 0.713272543059777
val_precision: 0.7520891364902507
val_recall: 0.5818965517241379
val_f1: 0.6561360874848117
test_loss: 0.609555778003508
test_accuracy: 0.7095141700404858
test_precision: 0.7198795180722891
test_recall: 0.5519630484988453
test_f1: 0.6248366013071895
min_lr: 1e-07
max_lr: 1e-05
total_time: 988.4779169559479
average_epoch_time: 9.884773406982422
