train_loss: 0.5342788604589609
train_accuracy: 0.7398682877406282
train_precision: 0.7449203734211971
train_recall: 0.7068785825951016
train_f1: 0.7254010695187165
val_loss: 0.5390575210894307
val_accuracy: 0.7213779128672746
val_precision: 0.7162471395881007
val_recall: 0.6745689655172413
val_f1: 0.6947835738068813
test_loss: 0.5426554401074687
test_accuracy: 0.7338056680161943
test_precision: 0.6967592592592593
test_recall: 0.6951501154734411
test_f1: 0.6959537572254335
min_lr: 1e-07
max_lr: 0.001
total_time: 806.0432727336884
average_epoch_time: 8.060427982807159
