train_loss: 0.39051551867013856
train_accuracy: 0.8406485244476763
train_precision: 0.8418316831153272
train_recall: 0.8406485244476763
train_f1: 0.8400912502248425
val_loss: 0.4095906517447879
val_accuracy: 0.8311560902566221
val_precision: 0.8322498738840975
val_recall: 0.8311560902566221
val_f1: 0.8305164321268472
test_loss: 0.41203306063944023
test_accuracy: 0.8319162851536952
test_precision: 0.8332867550146025
test_recall: 0.8319162851536952
test_f1: 0.8313765805758017
min_lr: 1e-07
max_lr: 0.02
total_time: 3038.544717311859
average_epoch_time: 30.38542671442032
