train_loss: 15.53806392963116
train_mse: 15.192798614501953
train_mae: 2.6475841999053955
train_rmse: 3.897794008255005
train_r2: 0.8194221258163452
val_loss: 15.920470714569092
val_mse: 16.579418182373047
val_mae: 2.923016309738159
val_rmse: 4.071783065795898
val_r2: 0.7261677384376526
test_loss: 19.799376964569092
test_mse: 23.546825408935547
test_mae: 2.8315885066986084
test_rmse: 4.8525071144104
test_r2: 0.7781997323036194
min_lr: 0.001
max_lr: 0.1
total_time: 31.34860110282898
average_epoch_time: 0.31348265409469606
