train_loss: 81803.86712925325
train_mse: 81834.953125
train_mae: 215.81480407714844
train_rmse: 286.0680847167969
train_r2: 0.88743907037025
val_loss: 81264.06172668147
val_mse: 81258.3203125
val_mae: 214.67904663085938
val_rmse: 285.0584411621094
val_r2: 0.8884096133512717
test_loss: 85060.74928616751
test_mse: 85072.390625
test_mae: 218.00746154785156
test_rmse: 291.6717224121094
test_r2: 0.8831298294946528
min_lr: 0.0001
max_lr: 0.02
total_time: 2620.3222200870514
average_epoch_time: 26.203203904628754
