train_loss: 14.226383942824144
train_mse: 14.10632610321045
train_mae: 2.6087872982025146
train_rmse: 3.7558388710021973
train_r2: 0.8323356509208679
val_loss: 17.292819023132324
val_mse: 18.454833984375
val_mae: 3.054931640625
val_rmse: 4.2959089279174805
val_r2: 0.6951925754547119
test_loss: 21.733765125274658
test_mse: 24.17283058166504
test_mae: 3.540757417678833
test_rmse: 4.9165873527526855
test_r2: 0.77230304479599
min_lr: 0.001
max_lr: 0.06
total_time: 13.99527883529663
average_epoch_time: 0.13995033502578735
