train_loss: 0.5373235747881746
train_accuracy: 0.7350557244174265
train_precision: 0.7244215938303342
train_recall: 0.7342365815528922
train_f1: 0.729296066252588
val_loss: 0.532244864971407
val_accuracy: 0.7375886524822695
val_precision: 0.7272727272727273
val_recall: 0.7068965517241379
val_f1: 0.7169398907103826
test_loss: 0.5498567954186471
test_accuracy: 0.7074898785425101
test_precision: 0.6572052401746725
test_recall: 0.6951501154734411
test_f1: 0.675645342312009
min_lr: 1e-07
max_lr: 0.002
total_time: 114.97810459136963
average_epoch_time: 1.1497772932052612
