train_loss: 15.546543561495268
train_mse: 15.845413208007812
train_mae: 2.712094783782959
train_rmse: 3.9806296825408936
train_r2: 0.8116652965545654
val_loss: 15.193658351898193
val_mse: 15.772526741027832
val_mae: 2.8809123039245605
val_rmse: 3.971464157104492
val_r2: 0.7394946813583374
test_loss: 19.773357629776
test_mse: 23.413036346435547
test_mae: 2.8394293785095215
test_rmse: 4.8387017250061035
test_r2: 0.7794599533081055
min_lr: 2e-05
max_lr: 0.03
total_time: 5.573717355728149
average_epoch_time: 0.05573501110076904
