train_loss: 0.4943502081188175
train_accuracy: 0.7725485913955012
train_precision: 0.8046625766871166
train_recall: 0.7181340341655716
train_f1: 0.758939937507233
val_loss: 0.50778938167625
val_accuracy: 0.7493449781659388
val_precision: 0.78125
val_recall: 0.6956521739130435
val_f1: 0.7359705611775529
test_loss: 0.4875999639431636
test_accuracy: 0.7703056768558952
test_precision: 0.8088803088803089
test_recall: 0.7186963979416809
test_f1: 0.7611262488646685
min_lr: 1e-05
max_lr: 0.02
total_time: 102.89268922805786
average_epoch_time: 1.0289224839210511
