train_loss: 11.127628473135141
train_mse: 10.937835693359375
train_mae: 2.2700088024139404
train_rmse: 3.3072400093078613
train_r2: 0.8699955344200134
val_loss: 14.358186721801758
val_mse: 14.91739559173584
val_mae: 2.7270100116729736
val_rmse: 3.862304449081421
val_r2: 0.7536183595657349
test_loss: 20.19537115097046
test_mse: 22.801084518432617
test_mae: 3.0629355907440186
test_rmse: 4.77504825592041
test_r2: 0.7852242588996887
total_time: 7.0114099979400635
average_epoch_time: 0.18915920644193082
