train_loss: 45.13469696044922
train_mse: 45.13469696044922
train_mae: 4.160727024078369
train_rmse: 6.718235969543457
train_r2: 0.46624648571014404
val_loss: 32.15715026855469
val_mse: 32.15715026855469
val_mae: 3.8195791244506836
val_rmse: 5.670727252960205
val_r2: 0.47903943061828613
test_loss: 65.02762603759766
test_mse: 65.02762603759766
test_mae: 5.35414981842041
test_rmse: 8.063970565795898
test_r2: 0.3900578022003174
