train_loss: 0.36681622887104093
train_accuracy: 0.851349694175457
train_precision: 0.8501819458967529
train_recall: 0.851349694175457
train_f1: 0.8494694159180723
val_loss: 0.37634078833368906
val_accuracy: 0.8485396120548699
val_precision: 0.8471407202602699
val_recall: 0.8485396120548699
val_f1: 0.8464335986403134
test_loss: 0.37434239301518724
test_accuracy: 0.8488348077518846
test_precision: 0.847803499575689
test_recall: 0.8488348077518846
test_f1: 0.8468346116324827
min_lr: 1e-07
max_lr: 0.01
total_time: 1753.8956952095032
average_epoch_time: 17.538944594860077
