train_loss: 0.44985452042441276
train_accuracy: 0.8115419451860872
train_precision: 0.8129228812589395
train_recall: 0.8115419451860872
train_f1: 0.8058039550839017
val_loss: 0.47153689262625403
val_accuracy: 0.7997452711657287
val_precision: 0.8001909540070159
val_recall: 0.7997452711657287
val_f1: 0.7933605821900337
test_loss: 0.47162765638681237
test_accuracy: 0.8048087845513063
test_precision: 0.8063444203060999
test_recall: 0.8048087845513063
test_f1: 0.7987161808121988
min_lr: 1e-07
max_lr: 0.01
total_time: 1672.575002193451
average_epoch_time: 16.725736508369447
