train_loss: 0.5281051094474097
train_accuracy: 0.7453140830800405
train_precision: 0.7664041994750657
train_recall: 0.6847316310578426
train_f1: 0.7232695747901472
val_loss: 0.5318817111753649
val_accuracy: 0.7487335359675785
val_precision: 0.7673267326732673
val_recall: 0.6681034482758621
val_f1: 0.7142857142857143
test_loss: 0.5507555642435628
test_accuracy: 0.7165991902834008
test_precision: 0.6834532374100719
test_recall: 0.6581986143187067
test_f1: 0.6705882352941176
min_lr: 1e-07
max_lr: 0.001
total_time: 101.1416392326355
average_epoch_time: 1.011411316394806
