train_loss: 0.4528334180237109
train_accuracy: 0.791111596418432
train_precision: 0.8290746712974448
train_recall: 0.7319316688567674
train_f1: 0.77748051645923
val_loss: 0.4806288356582324
val_accuracy: 0.7764192139737991
val_precision: 0.8183632734530938
val_recall: 0.7130434782608696
val_f1: 0.7620817843866171
test_loss: 0.47811727391348946
test_accuracy: 0.7834061135371179
test_precision: 0.8265107212475633
test_recall: 0.7272727272727273
test_f1: 0.7737226277372262
min_lr: 1e-07
max_lr: 0.0003
total_time: 220.89339566230774
average_epoch_time: 2.208928601741791
