train_loss: 0.5253653864146244
train_accuracy: 0.7420212765957447
train_precision: 0.7430499325236167
train_recall: 0.7173006774361647
train_f1: 0.7299482964337797
val_loss: 0.5421354578387353
val_accuracy: 0.7325227963525835
val_precision: 0.7252252252252253
val_recall: 0.6939655172413793
val_f1: 0.7092511013215859
test_loss: 0.5721859835809276
test_accuracy: 0.72165991902834
test_precision: 0.6763392857142857
test_recall: 0.6997690531177829
test_f1: 0.6878547105561862
min_lr: 1e-07
max_lr: 3e-05
total_time: 120.93199133872986
average_epoch_time: 1.2093157076835632
