train_loss: 0.5041461258764691
train_accuracy: 0.7602583586626139
train_precision: 0.7617765814266487
train_recall: 0.7373632100052111
train_f1: 0.749371110816894
val_loss: 0.5232029230363907
val_accuracy: 0.7396149949341438
val_precision: 0.7357630979498861
val_recall: 0.6961206896551724
val_f1: 0.7153931339977851
test_loss: 0.5483228756535438
test_accuracy: 0.7378542510121457
test_precision: 0.6986301369863014
test_recall: 0.7066974595842956
test_f1: 0.7026406429391504
min_lr: 1e-07
max_lr: 1e-05
total_time: 528.0236594676971
average_epoch_time: 5.280232203006745
