train_loss: 0.5120630637070859
train_accuracy: 0.7642498362087792
train_precision: 0.8211902855617828
train_recall: 0.6738939991239598
train_f1: 0.7402862985685071
val_loss: 0.5311199343866773
val_accuracy: 0.754585152838428
val_precision: 0.8141025641025641
val_recall: 0.662608695652174
val_f1: 0.7305848513902206
test_loss: 0.48782654686106575
test_accuracy: 0.777292576419214
test_precision: 0.8445378151260504
test_recall: 0.6895368782161235
test_f1: 0.7592067988668555
min_lr: 0.0001
max_lr: 0.015
total_time: 276.3548512458801
average_epoch_time: 2.7635452008247374
