train_loss: 0.531433904363263
train_accuracy: 0.742274569402229
train_precision: 0.7459754433833561
train_recall: 0.7123501823866597
train_f1: 0.728775156604025
val_loss: 0.5309377089142799
val_accuracy: 0.7396149949341438
val_precision: 0.7357630979498861
val_recall: 0.6961206896551724
val_f1: 0.7153931339977851
test_loss: 0.5418587550520897
test_accuracy: 0.7257085020242915
test_precision: 0.684931506849315
test_recall: 0.6928406466512702
test_f1: 0.6888633754305397
min_lr: 0.0003
max_lr: 0.006
total_time: 713.8285043239594
average_epoch_time: 7.138279972076416
