train_loss: 0.2789054161003311
train_accuracy: 0.8929517285594728
train_precision: 0.8935816151160278
train_recall: 0.8929517285594728
train_f1: 0.8918995267187422
val_loss: 0.2875886460692347
val_accuracy: 0.8896060308772654
val_precision: 0.8902326619295886
val_recall: 0.8896060308772654
val_f1: 0.8885044236152183
test_loss: 0.2875321955801632
test_accuracy: 0.889246497538811
test_precision: 0.8902792975301572
test_recall: 0.889246497538811
test_f1: 0.888118812981056
min_lr: 1e-05
max_lr: 0.01
total_time: 5870.252635002136
average_epoch_time: 58.70251660823822
