train_loss: 0.5653531776990003
train_accuracy: 0.7151722391084093
train_precision: 0.7572029783101327
train_recall: 0.609431995831162
train_f1: 0.675328425003609
val_loss: 0.55949241499747
val_accuracy: 0.7041540020263425
val_precision: 0.7336956521739131
val_recall: 0.5818965517241379
val_f1: 0.6490384615384616
test_loss: 0.5652562389450688
test_accuracy: 0.7064777327935222
test_precision: 0.6991643454038997
test_recall: 0.5796766743648961
test_f1: 0.6338383838383839
min_lr: 1e-05
max_lr: 0.04
total_time: 294.9677755832672
average_epoch_time: 2.9496736836433413
