train_loss: 53034.854182364375
train_mse: 53015.33984375
train_mae: 176.5318145751953
train_rmse: 230.25059509277344
train_r2: 0.9270793754490609
val_loss: 67529.75128886421
val_mse: 67528.8203125
val_mae: 193.04393005371094
val_rmse: 259.8630676269531
val_r2: 0.9072640544611388
test_loss: 68886.183098033
test_mse: 68896.71875
test_mae: 194.9766845703125
test_rmse: 262.4818420410156
test_r2: 0.9053515288681468
min_lr: 0.0002
max_lr: 0.007
total_time: 1208.4566004276276
average_epoch_time: 12.084555270671844
