train_loss: 18.468958634596603
train_mse: 18.556177139282227
train_mae: 2.9083240032196045
train_rmse: 4.307688236236572
train_r2: 0.7794457674026489
val_loss: 15.757513523101807
val_mse: 16.364133834838867
val_mae: 2.9495623111724854
val_rmse: 4.045260429382324
val_r2: 0.7297234535217285
test_loss: 25.941139221191406
test_mse: 29.90522003173828
test_mae: 3.10697340965271
test_rmse: 5.468566417694092
test_r2: 0.7183065414428711
min_lr: 0.001
max_lr: 0.2
total_time: 9.857994079589844
average_epoch_time: 0.09857783317565919
