train_loss: 0.2561492919921875
train_mse: 0.2561492919921875
train_mae: 0.346282422542572
train_rmse: 0.5061119198799133
train_r2: 0.7943920493125916
val_loss: 0.2866390645503998
val_mse: 0.2866390645503998
val_mae: 0.3593296408653259
val_rmse: 0.535386860370636
val_r2: 0.7620112299919128
test_loss: 0.27039214968681335
test_mse: 0.27039214968681335
test_mae: 0.35868674516677856
test_rmse: 0.519992470741272
test_r2: 0.7956534624099731
