train_loss: 26.401847325838528
train_mse: 26.75258445739746
train_mae: 3.7868497371673584
train_rmse: 5.172289848327637
train_r2: 0.6820253133773804
val_loss: 25.633581161499023
val_mse: 27.492366790771484
val_mae: 4.263160705566406
val_rmse: 5.243316173553467
val_r2: 0.5459251403808594
test_loss: 31.544872283935547
test_mse: 33.25395584106445
test_mae: 4.606156826019287
test_rmse: 5.766624450683594
test_r2: 0.6867630481719971
min_lr: 0.0005
max_lr: 0.09
total_time: 15.337417840957642
average_epoch_time: 0.15337132930755615
