train_loss: 2.030160133655255
train_mse: 2.0554447174072266
train_mae: 1.0793033838272095
train_rmse: 1.4336822032928467
train_r2: 0.975569486618042
val_loss: 11.635601043701172
val_mse: 11.918301582336426
val_mae: 2.455324649810791
val_rmse: 3.452289342880249
val_r2: 0.8031525611877441
test_loss: 12.82614803314209
test_mse: 13.621131896972656
test_mae: 2.5979299545288086
test_rmse: 3.6906816959381104
test_r2: 0.8716951608657837
min_lr: 1e-06
max_lr: 0.0007
total_time: 5.454069375991821
average_epoch_time: 0.054536402225494385
