train_loss: 3.4143590927124023
train_mse: 3.4008593559265137
train_mae: 1.3423806428909302
train_rmse: 1.844141960144043
train_r2: 0.9595782160758972
val_loss: 11.359890937805176
val_mse: 11.90268611907959
val_mae: 2.409409999847412
val_rmse: 3.4500269889831543
val_r2: 0.803410530090332
test_loss: 9.235554933547974
test_mse: 10.128979682922363
test_mae: 2.1144964694976807
test_rmse: 3.182605743408203
test_r2: 0.9045896530151367
min_lr: 0.005
max_lr: 0.008
total_time: 19.032009601593018
average_epoch_time: 0.19031739234924316
