train_loss: 71.77914223304161
train_mse: 73.1417465209961
train_mae: 5.943130970001221
train_rmse: 8.552294731140137
train_r2: 0.13065505027770996
val_loss: 46.927964210510254
val_mse: 52.71751022338867
val_mae: 5.25593900680542
val_rmse: 7.260682582855225
val_r2: 0.12929660081863403
test_loss: 103.19911193847656
test_mse: 101.90593719482422
test_mae: 6.945580959320068
test_rmse: 10.094846725463867
test_r2: 0.04009294509887695
min_lr: 0.001
max_lr: 0.04
total_time: 9.561726808547974
average_epoch_time: 0.09561485528945923
