train_loss: 2.629414072403541
train_mse: 2.6683156490325928
train_mae: 1.2363132238388062
train_rmse: 1.633497953414917
train_r2: 0.9682850241661072
val_loss: 13.219119548797607
val_mse: 12.986129760742188
val_mae: 2.710090160369873
val_rmse: 3.6036272048950195
val_r2: 0.7855159044265747
test_loss: 10.73213815689087
test_mse: 11.539920806884766
test_mae: 2.474330186843872
test_rmse: 3.397045850753784
test_r2: 0.8912992477416992
min_lr: 0.001
max_lr: 0.03
total_time: 16.397881031036377
average_epoch_time: 0.16397332191467284
