train_loss: 0.6462782621383667
train_mse: 0.6462782621383667
train_mae: 0.6477125287055969
train_rmse: 0.8039143085479736
train_r2: 0.46700209379196167
val_loss: 0.6432642340660095
val_mse: 0.6432642340660095
val_mae: 0.6506374478340149
val_rmse: 0.8020375370979309
val_r2: 0.48816433548927307
test_loss: 0.6376456618309021
test_mse: 0.6376456618309021
test_mae: 0.646287739276886
test_rmse: 0.798527181148529
test_r2: 0.4778740406036377
