train_loss: 0.5281485372226731
train_accuracy: 0.7434143870314083
train_precision: 0.7691622103386809
train_recall: 0.6745700885878061
train_f1: 0.7187673514714048
val_loss: 0.5386814167422633
val_accuracy: 0.7315096251266464
val_precision: 0.7493734335839599
val_recall: 0.6443965517241379
val_f1: 0.6929316338354577
test_loss: 0.5573854888639143
test_accuracy: 0.7246963562753036
test_precision: 0.7069408740359897
test_recall: 0.6351039260969977
test_f1: 0.6690997566909975
min_lr: 2e-05
max_lr: 0.002
total_time: 104.67492198944092
average_epoch_time: 1.046744966506958
