train_loss: 0.5409565567970276
train_accuracy: 0.7315096259117126
train_precision: 0.7219902276992798
train_recall: 0.7240055799484253
train_auc: 0.8029482960700989
val_loss: 0.5467648506164551
val_accuracy: 0.7208713293075562
val_precision: 0.6995515823364258
val_recall: 0.6879823803901672
val_auc: 0.796478807926178
test_loss: 0.5381153225898743
test_accuracy: 0.7346835732460022
test_precision: 0.7334755063056946
test_recall: 0.7151767015457153
test_auc: 0.8066055774688721
