train_loss: 7.850206741919885
train_mse: 7.9699506759643555
train_mae: 1.9680912494659424
train_rmse: 2.8231101036071777
train_r2: 0.9052711129188538
val_loss: 15.46811819076538
val_mse: 15.608205795288086
val_mae: 2.974524974822998
val_rmse: 3.9507222175598145
val_r2: 0.7422086596488953
test_loss: 12.13668155670166
test_mse: 13.100858688354492
test_mae: 2.576888084411621
test_rmse: 3.6195108890533447
test_r2: 0.8765959143638611
min_lr: 0.001
max_lr: 0.1
total_time: 25.761157035827637
average_epoch_time: 0.25760849952697756
