train_loss: 0.2960898626292133
train_accuracy: 0.8811554853714106
train_precision: 0.8805784211806501
train_recall: 0.8811554853714106
train_f1: 0.8801167680909538
val_loss: 0.3101319816406603
val_accuracy: 0.8750107571298257
val_precision: 0.8743253933166617
val_recall: 0.8750107571298257
val_f1: 0.8737560163217024
test_loss: 0.3064383926764459
test_accuracy: 0.8762176861381707
test_precision: 0.8759257541638489
test_recall: 0.8762176861381707
test_f1: 0.8751131792297991
min_lr: 1e-07
max_lr: 0.01
total_time: 1721.0823767185211
average_epoch_time: 17.210816264152527
