train_loss: 4.2154364219078655
train_mse: 4.238036632537842
train_mae: 1.5965588092803955
train_rmse: 2.0586493015289307
train_r2: 0.9496277570724487
val_loss: 10.978997707366943
val_mse: 10.890591621398926
val_mae: 2.284027338027954
val_rmse: 3.3000895977020264
val_r2: 0.8201266527175903
test_loss: 9.179446935653687
test_mse: 10.390874862670898
test_mae: 2.180338144302368
test_rmse: 3.2234880924224854
test_r2: 0.9021227359771729
min_lr: 0.005
max_lr: 0.05
total_time: 14.074060916900635
average_epoch_time: 0.14073843717575074
