train_loss: 10.250174265641432
train_mse: 9.913918495178223
train_mae: 2.247826099395752
train_rmse: 3.148637533187866
train_r2: 0.8821655511856079
val_loss: 13.720617771148682
val_mse: 13.599406242370605
val_mae: 2.7194509506225586
val_rmse: 3.687737226486206
val_r2: 0.7753868103027344
test_loss: 21.043994426727295
test_mse: 23.66150665283203
test_mae: 3.0944268703460693
test_rmse: 4.864309310913086
test_r2: 0.777119517326355
min_lr: 5e-06
max_lr: 0.06
total_time: 4.541887283325195
average_epoch_time: 0.04541455507278443
