train_loss: 0.5291419706998333
train_accuracy: 0.7408814589665653
train_precision: 0.7679425837320574
train_recall: 0.669098488796248
train_f1: 0.7151211361737677
val_loss: 0.5293899662792683
val_accuracy: 0.7375886524822695
val_precision: 0.7608142493638677
val_recall: 0.6443965517241379
val_f1: 0.6977829638273045
test_loss: 0.5410552471876144
test_accuracy: 0.729757085020243
test_precision: 0.7150259067357513
test_recall: 0.6374133949191686
test_f1: 0.673992673992674
min_lr: 8e-05
max_lr: 0.003
total_time: 90.36047077178955
average_epoch_time: 0.9035994601249695
