train_loss: 512.0223388671875
train_mse: 512.0223388671875
train_mae: 20.685455322265625
train_rmse: 22.627910614013672
train_r2: -5.486403465270996
val_loss: 449.6802978515625
val_mse: 449.6802978515625
val_mae: 19.72648811340332
val_rmse: 21.20566749572754
val_r2: -8.524733543395996
test_loss: 615.6388549804688
test_mse: 615.6388549804688
test_mae: 22.57158851623535
test_rmse: 24.812070846557617
test_r2: -4.877281665802002
