train_loss: 0.4445883793697955
train_accuracy: 0.7988643808691854
train_precision: 0.8320331545587518
train_recall: 0.7474813841436706
train_f1: 0.7874942316566683
val_loss: 0.47970401578479344
val_accuracy: 0.7606986899563318
val_precision: 0.8003992015968064
val_recall: 0.697391304347826
val_f1: 0.745353159851301
test_loss: 0.4842206645343039
test_accuracy: 0.7737991266375546
test_precision: 0.8103448275862069
test_recall: 0.725557461406518
test_f1: 0.7656108597285066
min_lr: 1e-07
max_lr: 0.0001
total_time: 108.82185697555542
average_epoch_time: 1.0882141923904418
