train_loss: 0.5572937565293872
train_accuracy: 0.7206180344478217
train_precision: 0.7138364779874213
train_recall: 0.7097446586763939
train_f1: 0.71178468774497
val_loss: 0.5579265336836537
val_accuracy: 0.7345491388044579
val_precision: 0.7244444444444444
val_recall: 0.7025862068965517
val_f1: 0.7133479212253829
test_loss: 0.5774627279850745
test_accuracy: 0.7074898785425101
test_precision: 0.6607142857142857
test_recall: 0.6836027713625866
test_f1: 0.6719636776390465
min_lr: 1e-07
max_lr: 0.005
total_time: 76.126300573349
average_epoch_time: 0.7612583208084106
