train_loss: 85.04553985595703
train_mse: 85.04553985595703
train_mae: 6.464912414550781
train_rmse: 9.222013473510742
train_r2: -0.03154091536998749
val_loss: 60.545867919921875
val_mse: 60.545867919921875
val_mae: 5.784610748291016
val_rmse: 7.78112268447876
val_r2: -0.0030593276023864746
test_loss: 114.23204040527344
test_mse: 114.23204040527344
test_mae: 7.84931755065918
test_rmse: 10.687938690185547
test_r2: -0.09015536308288574
