train_loss: 85.32194519042969
train_mse: 85.32194519042969
train_mae: 6.579420566558838
train_rmse: 9.236988067626953
train_r2: -0.04605647176504135
val_loss: 80.99588775634766
val_mse: 80.99588775634766
val_mae: 6.308506011962891
val_rmse: 8.999771118164062
val_r2: -0.027207553386688232
test_loss: 87.33747863769531
test_mse: 87.33747863769531
test_mae: 6.741482734680176
test_rmse: 9.345452308654785
test_r2: -0.046352237462997437
