train_loss: 0.090726979139942
train_accuracy: 0.9638260016479887
train_precision: 0.9638527368530497
train_recall: 0.9638260016479887
train_f1: 0.9638263534726443
val_loss: 0.1185171465237629
val_accuracy: 0.9530300683292886
val_precision: 0.9530672880414055
val_recall: 0.9530300683292886
val_f1: 0.9530391602009043
test_loss: 0.1142127289383422
test_accuracy: 0.9549068878868198
test_precision: 0.9548986581246188
test_recall: 0.9549068878868198
test_f1: 0.9548916124069584
min_lr: 1e-05
max_lr: 0.004
total_time: 2012.296805381775
average_epoch_time: 20.12295217514038
