train_loss: 0.5203564929214504
train_accuracy: 0.7524568683118584
train_precision: 0.8273996012532042
train_recall: 0.6362242663162505
train_f1: 0.7193264826049275
val_loss: 0.529157367017534
val_accuracy: 0.7283842794759825
val_precision: 0.8127962085308057
val_recall: 0.5965217391304348
val_f1: 0.6880641925777332
test_loss: 0.5135282336009873
test_accuracy: 0.7606986899563318
test_precision: 0.8294243070362474
test_recall: 0.6672384219554031
test_f1: 0.7395437262357415
min_lr: 0.0005
max_lr: 0.001
total_time: 211.99345707893372
average_epoch_time: 2.1199310970306398
