train_loss: 0.12592130360226372
train_accuracy: 0.9514553289630795
train_precision: 0.9513728275603603
train_recall: 0.9514553289630795
train_f1: 0.9513752140061374
val_loss: 0.158984969021334
val_accuracy: 0.9388478683671537
val_precision: 0.9386814652124603
val_recall: 0.9388478683671537
val_f1: 0.9386871963123733
test_loss: 0.15351891722776292
test_accuracy: 0.9410175209115005
test_precision: 0.9409206635583517
test_recall: 0.9410175209115005
test_f1: 0.9409045705022845
min_lr: 5e-06
max_lr: 0.01
total_time: 3156.3089730739594
average_epoch_time: 31.56307653427124
