train_loss: 0.04775715711509136
train_accuracy: 0.9809470126439032
train_precision: 0.9809883314409301
train_recall: 0.9809470126439032
train_f1: 0.9809571557479005
val_loss: 0.12420900040901049
val_accuracy: 0.9580902221992736
val_precision: 0.9581202055092377
val_recall: 0.9580902221992736
val_f1: 0.9580953929862378
test_loss: 0.12444161494890237
test_accuracy: 0.9577811435062477
test_precision: 0.9578288191564766
test_recall: 0.9577811435062477
test_f1: 0.9577941427456445
min_lr: 1e-05
max_lr: 0.002
total_time: 8468.037421226501
average_epoch_time: 84.68036448001861
