train_loss: 0.5337584932004252
train_accuracy: 0.7388551165146909
train_precision: 0.7581395348837209
train_recall: 0.679520583637311
train_f1: 0.7166804067051388
val_loss: 0.5331905223429203
val_accuracy: 0.7345491388044579
val_precision: 0.7487684729064039
val_recall: 0.6551724137931034
val_f1: 0.6988505747126437
test_loss: 0.5489192679524422
test_accuracy: 0.7226720647773279
test_precision: 0.7002518891687658
test_recall: 0.6420323325635104
test_f1: 0.6698795180722892
min_lr: 8e-05
max_lr: 0.004
total_time: 62.75875759124756
average_epoch_time: 0.6275841999053955
