train_loss: 0.5104036719692864
train_accuracy: 0.753419452887538
train_precision: 0.740279542566709
train_recall: 0.7589890568004168
train_f1: 0.7495175607873408
val_loss: 0.5336211131465051
val_accuracy: 0.7446808510638298
val_precision: 0.7208333333333333
val_recall: 0.7456896551724138
val_f1: 0.7330508474576272
test_loss: 0.5427792572206066
test_accuracy: 0.7226720647773279
test_precision: 0.6639175257731958
test_recall: 0.74364896073903
test_f1: 0.7015250544662309
min_lr: 0.0001
max_lr: 0.001
total_time: 201.15416550636292
average_epoch_time: 2.011537721157074
