train_loss: 3742.354299322603
train_mse: 3743.65234375
train_mae: 47.384883880615234
train_rmse: 61.185394287109375
train_r2: 0.9948507459037044
val_loss: 14899.834294198128
val_mse: 14903.0751953125
val_mae: 77.26969909667969
val_rmse: 122.07815551757812
val_r2: 0.9795339129035896
test_loss: 16234.525901213516
test_mse: 16239.4150390625
test_mae: 79.61248016357422
test_rmse: 127.4339599609375
test_r2: 0.9776907247816261
min_lr: 0.0001
max_lr: 0.003
total_time: 701.8967475891113
average_epoch_time: 7.018956816196441
