train_loss: 0.5656352371339374
train_accuracy: 0.7141590678824722
train_precision: 0.7018126116926219
train_recall: 0.7162584679520584
train_f1: 0.7089619600257898
val_loss: 0.5628830194473267
val_accuracy: 0.7284701114488349
val_precision: 0.7094017094017094
val_recall: 0.7155172413793104
val_f1: 0.7124463519313304
test_loss: 0.5673854620225968
test_accuracy: 0.7115384615384616
test_precision: 0.6554621848739496
test_recall: 0.7205542725173211
test_f1: 0.6864686468646864
min_lr: 5e-05
max_lr: 0.003
total_time: 349.7634873390198
average_epoch_time: 3.4976298666000365
