train_loss: 0.5283408648813301
train_accuracy: 0.7435410334346505
train_precision: 0.763901018922853
train_recall: 0.6836894215737364
train_f1: 0.7215729410147119
val_loss: 0.5325536247222654
val_accuracy: 0.745694022289767
val_precision: 0.7591240875912408
val_recall: 0.6724137931034483
val_f1: 0.7131428571428572
test_loss: 0.5441534922968957
test_accuracy: 0.7257085020242915
test_precision: 0.7004950495049505
test_recall: 0.6535796766743649
test_f1: 0.6762246117084827
min_lr: 1e-07
max_lr: 0.002
total_time: 105.95909667015076
average_epoch_time: 1.059586546421051
