train_loss: 0.5432298867567348
train_accuracy: 0.7351823708206687
train_precision: 0.7327471356248335
train_recall: 0.7165190203230849
train_f1: 0.7245422210512449
val_loss: 0.5358960820782569
val_accuracy: 0.7375886524822695
val_precision: 0.7345537757437071
val_recall: 0.6918103448275862
val_f1: 0.7125416204217536
test_loss: 0.5656067728996277
test_accuracy: 0.7155870445344129
test_precision: 0.6727272727272727
test_recall: 0.6836027713625866
test_f1: 0.6781214203894617
min_lr: 1e-07
max_lr: 0.005
total_time: 88.02635455131531
average_epoch_time: 0.8802588105201721
