train_loss: 0.07603457013513311
train_accuracy: 0.971153742720128
train_precision: 0.9711071047863447
train_recall: 0.971153742720128
train_f1: 0.9711149362907814
val_loss: 0.1454521226840266
val_accuracy: 0.9483657768368875
val_precision: 0.9482346430439638
val_recall: 0.9483657768368875
val_f1: 0.9482675327003445
test_loss: 0.14059903182187794
test_accuracy: 0.950345943341021
test_precision: 0.950224898309631
test_recall: 0.950345943341021
test_f1: 0.9502285219146891
min_lr: 1e-07
max_lr: 0.003
total_time: 2062.1096737384796
average_epoch_time: 20.62107957839966
