train_loss: 23648.135375356916
train_mse: 23641.55078125
train_mae: 116.9933853149414
train_rmse: 153.75808715820312
train_r2: 0.9674819281273609
val_loss: 29248.749301039024
val_mse: 29247.693359375
val_mae: 126.43932342529297
val_rmse: 171.0195770263672
val_r2: 0.9598347459310119
test_loss: 29890.772773239212
test_mse: 29896.98046875
test_mae: 127.3641357421875
test_rmse: 172.90744018554688
test_r2: 0.9589283311171783
min_lr: 4e-05
max_lr: 0.0004
total_time: 1306.8022344112396
average_epoch_time: 13.068007891178132
