train_loss: 14.177465182084303
train_mse: 14.312671661376953
train_mae: 2.7642199993133545
train_rmse: 3.7832090854644775
train_r2: 0.8298830986022949
val_loss: 17.644652366638184
val_mse: 18.203107833862305
val_mae: 3.499945878982544
val_rmse: 4.266510009765625
val_r2: 0.6993502378463745
test_loss: 21.773871421813965
test_mse: 24.514448165893555
test_mae: 3.54834246635437
test_rmse: 4.951206684112549
test_r2: 0.769085168838501
min_lr: 0.004
max_lr: 0.007
total_time: 20.473899126052856
average_epoch_time: 0.20473624706268312
