train_loss: 0.25199249386787415
train_mse: 0.25199249386787415
train_mae: 0.3429534137248993
train_rmse: 0.5019885301589966
train_r2: 0.797785222530365
val_loss: 0.27639955282211304
val_mse: 0.27639955282211304
val_mae: 0.35124319791793823
val_rmse: 0.5257371664047241
val_r2: 0.770110011100769
test_loss: 0.2999441623687744
test_mse: 0.2999441623687744
test_mae: 0.3639192283153534
test_rmse: 0.5476715564727783
test_r2: 0.7706124186515808
