train_loss: 5.542037487030029
train_mse: 5.542037487030029
train_mae: 1.7199376821517944
train_rmse: 2.3541531562805176
train_r2: 0.9328075647354126
val_loss: 9.577072143554688
val_mse: 9.577072143554688
val_mae: 2.239600419998169
val_rmse: 3.094684600830078
val_r2: 0.4716283679008484
test_loss: 8.705500602722168
test_mse: 8.705500602722168
test_mae: 2.0371103286743164
test_rmse: 2.9505085945129395
test_r2: 0.9015646576881409
