train_loss: 0.5333608730185416
train_accuracy: 0.7393617021276596
train_precision: 0.71760391198044
train_recall: 0.7647212089630016
train_f1: 0.7404137235116044
val_loss: 0.5297446921467781
val_accuracy: 0.7416413373860182
val_precision: 0.7119675456389453
val_recall: 0.7564655172413793
val_f1: 0.7335423197492164
test_loss: 0.5527481064200401
test_accuracy: 0.7186234817813765
test_precision: 0.660455486542443
test_recall: 0.7367205542725174
test_f1: 0.6965065502183406
min_lr: 0.0001
max_lr: 0.007
total_time: 101.59278106689453
average_epoch_time: 1.015923011302948
