train_loss: 0.5203503168787551
train_accuracy: 0.7522796352583586
train_precision: 0.7579495614035088
train_recall: 0.7204273058884836
train_f1: 0.7387122628907293
val_loss: 0.5269068469924312
val_accuracy: 0.7487335359675785
val_precision: 0.7488479262672811
val_recall: 0.7004310344827587
val_f1: 0.7238307349665924
test_loss: 0.546223109768283
test_accuracy: 0.7257085020242915
test_precision: 0.6840909090909091
test_recall: 0.6951501154734411
test_f1: 0.6895761741122566
min_lr: 0.0001
max_lr: 0.0006
total_time: 202.9787938594818
average_epoch_time: 2.029783787727356
