train_loss: 27943.010044465816
train_mse: 27946.8828125
train_mae: 127.938232421875
train_rmse: 167.1732177734375
train_r2: 0.9615601046270406
val_loss: 40298.09492980647
val_mse: 40294.234375
val_mae: 144.4746856689453
val_rmse: 200.73423767089844
val_r2: 0.9446647534381758
test_loss: 40929.154614133884
test_mse: 40933.875
test_mae: 145.64480590820312
test_rmse: 202.3212127685547
test_r2: 0.9437661400710071
min_lr: 0.0003
max_lr: 0.004
total_time: 1246.8412022590637
average_epoch_time: 12.4683975481987
