train_loss: 24.027466994065506
train_mse: 23.7436580657959
train_mae: 3.260646104812622
train_rmse: 4.872746467590332
train_r2: 0.7177886962890625
val_loss: 21.520556926727295
val_mse: 23.56950569152832
val_mae: 3.701206684112549
val_rmse: 4.854843616485596
val_r2: 0.610716700553894
test_loss: 32.93377494812012
test_mse: 35.21701431274414
test_mae: 4.204722881317139
test_rmse: 5.93439245223999
test_r2: 0.6682718992233276
min_lr: 0.001
max_lr: 0.007
total_time: 4.548187971115112
average_epoch_time: 0.045479705333709715
