train_loss: 22.38283348083496
train_mse: 22.38283348083496
train_mae: 3.439279794692993
train_rmse: 4.73105001449585
train_r2: 0.7362182140350342
val_loss: 22.63565444946289
val_mse: 22.63565444946289
val_mae: 3.829706907272339
val_rmse: 4.757694244384766
val_r2: 0.5322026610374451
test_loss: 33.57855224609375
test_mse: 33.57855224609375
test_mae: 4.328389644622803
test_rmse: 5.7947001457214355
test_r2: 0.698217511177063
