train_loss: 5.421427249908447
train_mse: 5.444594383239746
train_mae: 1.46483314037323
train_rmse: 2.3333654403686523
train_r2: 0.9352868795394897
val_loss: 15.100656986236572
val_mse: 15.500240325927734
val_mae: 3.0233123302459717
val_rmse: 3.9370343685150146
val_r2: 0.7439918518066406
test_loss: 29.381686687469482
test_mse: 33.120887756347656
test_mae: 3.36496901512146
test_rmse: 5.755074977874756
test_r2: 0.688016414642334
min_lr: 0.0003
max_lr: 0.01
total_time: 4.446609735488892
average_epoch_time: 0.04446352243423462
