train_loss: 0.42740261905912785
train_accuracy: 0.8203928925644727
train_precision: 0.8183918609106716
train_recall: 0.8203928925644727
train_f1: 0.8175462095826008
val_loss: 0.4350719531989833
val_accuracy: 0.8157346689385725
val_precision: 0.8136036261428594
val_recall: 0.8157346689385725
val_f1: 0.8124247302430007
test_loss: 0.43395165042205003
test_accuracy: 0.8180097070668824
test_precision: 0.8163036309475155
test_recall: 0.8180097070668824
test_f1: 0.8150784274100898
min_lr: 1e-05
max_lr: 0.03
total_time: 3163.8718585968018
average_epoch_time: 31.638712198734282
