train_loss: 0.4471133144682708
train_accuracy: 0.7923127320375628
train_precision: 0.8293768545994066
train_recall: 0.7345597897503285
train_f1: 0.7790940766550523
val_loss: 0.48739009433322483
val_accuracy: 0.7703056768558952
val_precision: 0.8107569721115537
val_recall: 0.7078260869565217
val_f1: 0.7558031569173631
test_loss: 0.48238906429873574
test_accuracy: 0.7764192139737991
test_precision: 0.807909604519774
test_recall: 0.7358490566037735
test_f1: 0.770197486535009
min_lr: 1e-07
max_lr: 0.0002
total_time: 107.02286195755005
average_epoch_time: 1.0702246189117433
