train_loss: 0.5342635853636649
train_accuracy: 0.7396149949341438
train_precision: 0.7566244239631337
train_recall: 0.684471078686816
train_f1: 0.7187414500683994
val_loss: 0.5335833504796028
val_accuracy: 0.7386018237082067
val_precision: 0.751219512195122
val_recall: 0.6637931034482759
val_f1: 0.7048054919908466
test_loss: 0.5519589632749557
test_accuracy: 0.729757085020243
test_precision: 0.7044334975369458
test_recall: 0.6605080831408776
test_f1: 0.6817640047675805
min_lr: 0.0008
max_lr: 0.004
total_time: 100.2224349975586
average_epoch_time: 1.00222008228302
