train_loss: 11.4378080368042
train_mse: 11.4378080368042
train_mae: 2.2962558269500732
train_rmse: 3.3819828033447266
train_r2: 0.8621914982795715
val_loss: 12.360450744628906
val_mse: 12.360450744628906
val_mae: 2.651944637298584
val_rmse: 3.5157432556152344
val_r2: 0.7578752040863037
test_loss: 30.239551544189453
test_mse: 30.239551544189453
test_mae: 3.432821273803711
test_rmse: 5.499050140380859
test_r2: 0.7411153316497803
