train_loss: 0.46922409534454346
train_mse: 0.46922409534454346
train_mae: 0.47738856077194214
train_rmse: 0.6849993467330933
train_r2: 0.6239877343177795
val_loss: 0.48491597175598145
val_mse: 0.48491597175598145
val_mae: 0.48248979449272156
val_rmse: 0.6963590979576111
val_r2: 0.6241684556007385
test_loss: 0.48302847146987915
test_mse: 0.48302847146987915
test_mae: 0.4822133183479309
test_rmse: 0.6950024962425232
test_r2: 0.6123531460762024
