train_loss: 18833.99770111239
train_mse: 18838.755859375
train_mae: 106.15605926513672
train_rmse: 137.2543487548828
train_r2: 0.9740879941186104
val_loss: 23799.815940276014
val_mse: 23801.251953125
val_mae: 115.82865142822266
val_rmse: 154.27655029296875
val_r2: 0.9673142270027155
test_loss: 23584.590428696065
test_mse: 23587.88671875
test_mae: 115.86450958251953
test_rmse: 153.58348083496094
test_r2: 0.9675955949889911
min_lr: 3e-05
max_lr: 0.0005
total_time: 1317.0270688533783
average_epoch_time: 13.170251054763794
