train_loss: 3080.5091244460364
train_mse: 3080.97509765625
train_mae: 43.43717956542969
train_rmse: 55.50653076171875
train_r2: 0.9957622335143262
val_loss: 6411.118347477792
val_mse: 6412.2158203125
val_mae: 59.475624084472656
val_rmse: 80.07630920410156
val_r2: 0.9911942348476269
test_loss: 6383.538423025064
test_mse: 6384.07666015625
test_mae: 59.89460754394531
test_rmse: 79.9004135131836
test_r2: 0.9912297266983932
min_lr: 1e-05
max_lr: 0.005
total_time: 731.5448570251465
average_epoch_time: 7.315435643196106
