train_loss: 0.5313870338534536
train_accuracy: 0.7406281661600811
train_precision: 0.7346617724174096
train_recall: 0.7300677436164669
train_f1: 0.7323575535807632
val_loss: 0.5329234782726534
val_accuracy: 0.745694022289767
val_precision: 0.7361419068736141
val_recall: 0.7155172413793104
val_f1: 0.7256830601092896
test_loss: 0.5437168104033316
test_accuracy: 0.7257085020242915
test_precision: 0.6753246753246753
test_recall: 0.7205542725173211
test_f1: 0.6972067039106146
min_lr: 1e-07
max_lr: 0.008
total_time: 102.62092113494873
average_epoch_time: 1.0262047243118286
