train_loss: 0.5524065277354437
train_accuracy: 0.728596757852077
train_precision: 0.7327657237022795
train_recall: 0.6951537258989057
train_f1: 0.7134643668939697
val_loss: 0.5510945310515742
val_accuracy: 0.7244174265450861
val_precision: 0.7232558139534884
val_recall: 0.6702586206896551
val_f1: 0.6957494407158836
test_loss: 0.5676796590128252
test_accuracy: 0.708502024291498
test_precision: 0.6682134570765661
test_recall: 0.6651270207852193
test_f1: 0.6666666666666666
min_lr: 0.0002
max_lr: 0.004
total_time: 185.726092338562
average_epoch_time: 1.8572574210166932
