train_loss: 0.5271631099524037
train_accuracy: 0.7426545086119554
train_precision: 0.746586564718733
train_recall: 0.7123501823866597
train_f1: 0.7290666666666666
val_loss: 0.5311105996370316
val_accuracy: 0.7558257345491388
val_precision: 0.7575057736720554
val_recall: 0.7068965517241379
val_f1: 0.7313266443701226
test_loss: 0.5509123802185059
test_accuracy: 0.7206477732793523
test_precision: 0.673289183222958
test_recall: 0.7043879907621247
test_f1: 0.6884875846501128
min_lr: 4e-05
max_lr: 0.01
total_time: 97.82840943336487
average_epoch_time: 0.9782802844047547
