train_loss: 0.4841121981541316
train_accuracy: 0.7759336099585062
train_precision: 0.8043583535108959
train_recall: 0.7275514673674989
train_f1: 0.764029438822447
val_loss: 0.5058292415406969
val_accuracy: 0.7624454148471616
val_precision: 0.791907514450867
val_recall: 0.7147826086956521
val_f1: 0.7513711151736746
test_loss: 0.4878504541185167
test_accuracy: 0.7729257641921398
test_precision: 0.8030018761726079
test_recall: 0.7341337907375644
test_f1: 0.7670250896057348
min_lr: 4e-05
max_lr: 0.03
total_time: 707.5805733203888
average_epoch_time: 7.075797472000122
