train_loss: 0.28674137592315674
train_mse: 0.28674137592315674
train_mae: 0.36228886246681213
train_rmse: 0.5354824066162109
train_r2: 0.771964430809021
val_loss: 0.31701380014419556
val_mse: 0.31701380014419556
val_mae: 0.3827207684516907
val_rmse: 0.5630397796630859
val_r2: 0.7565820813179016
test_loss: 0.29007816314697266
test_mse: 0.29007816314697266
test_mae: 0.36769548058509827
test_rmse: 0.5385890603065491
test_r2: 0.7704418301582336
