train_loss: 0.5334023256533542
train_accuracy: 0.7408814589665653
train_precision: 0.7417701025364274
train_recall: 0.7162584679520584
train_f1: 0.7287910922587487
val_loss: 0.5368786377291526
val_accuracy: 0.7416413373860182
val_precision: 0.7380410022779044
val_recall: 0.6982758620689655
val_f1: 0.717607973421927
test_loss: 0.549373148910461
test_accuracy: 0.728744939271255
test_precision: 0.6870748299319728
test_recall: 0.6997690531177829
test_f1: 0.6933638443935927
min_lr: 0.0001
max_lr: 0.0012
total_time: 261.65234446525574
average_epoch_time: 2.616515715122223
