train_loss: 35.83211355942946
train_mse: 35.41931915283203
train_mae: 4.69780969619751
train_rmse: 5.951413154602051
train_r2: 0.5790146589279175
val_loss: 33.64538860321045
val_mse: 35.10576248168945
val_mae: 4.866824150085449
val_rmse: 5.92501163482666
val_r2: 0.4201793074607849
test_loss: 37.07406139373779
test_mse: 40.25238037109375
test_mae: 4.900657653808594
test_rmse: 6.344476222991943
test_r2: 0.6208410859107971
min_lr: 0.001
max_lr: 0.2
total_time: 15.690079689025879
average_epoch_time: 0.15689554452896118
