train_loss: 13.173233032226562
train_mse: 13.350332260131836
train_mae: 2.4454400539398193
train_rmse: 3.653810739517212
train_r2: 0.8413212299346924
val_loss: 16.498641967773438
val_mse: 17.765085220336914
val_mae: 3.0607025623321533
val_rmse: 4.214864730834961
val_r2: 0.7065848112106323
test_loss: 15.092955112457275
test_mse: 17.338239669799805
test_mae: 2.7588417530059814
test_rmse: 4.163921356201172
test_r2: 0.8366817235946655
min_lr: 1e-06
max_lr: 0.005
total_time: 5.52548360824585
average_epoch_time: 0.05525139570236206
