train_loss: 0.04882601595284737
train_accuracy: 0.9806952963475319
train_precision: 0.9807731602393355
train_recall: 0.9806952963475319
train_f1: 0.9807056138287168
val_loss: 0.12263411009429835
val_accuracy: 0.9572640746286639
val_precision: 0.9573619162681164
val_recall: 0.9572640746286639
val_f1: 0.9572582112564263
test_loss: 0.12417012512979266
test_accuracy: 0.9581769990705999
test_precision: 0.9583512607561144
test_recall: 0.9581769990705999
test_f1: 0.9581533599124973
min_lr: 1e-05
max_lr: 0.001
total_time: 7497.420107126236
average_epoch_time: 74.97419018983841
