train_loss: 23.065809396597054
train_mse: 23.258275985717773
train_mae: 3.422112226486206
train_rmse: 4.822683334350586
train_r2: 0.7235578298568726
val_loss: 25.242568492889404
val_mse: 27.9028377532959
val_mae: 3.7544469833374023
val_rmse: 5.282313823699951
val_r2: 0.5391456484794617
test_loss: 41.31375312805176
test_mse: 43.46253967285156
test_mae: 4.772907733917236
test_rmse: 6.5926127433776855
test_r2: 0.5906028747558594
min_lr: 1e-05
max_lr: 0.006
total_time: 5.06451678276062
average_epoch_time: 0.050640044212341306
