train_loss: 0.5308663507222164
train_accuracy: 0.7408814589665653
train_precision: 0.7597101449275362
train_recall: 0.6829077644606566
train_f1: 0.719264544456641
val_loss: 0.5339360948531858
val_accuracy: 0.7325227963525835
val_precision: 0.7450980392156863
val_recall: 0.6551724137931034
val_f1: 0.6972477064220184
test_loss: 0.5643325169240275
test_accuracy: 0.7196356275303644
test_precision: 0.693069306930693
test_recall: 0.6466512702078522
test_f1: 0.6690561529271206
min_lr: 1e-07
max_lr: 0.002
total_time: 105.34550929069519
average_epoch_time: 1.0534503269195556
