train_loss: 0.4755987988577949
train_accuracy: 0.7819392880541602
train_precision: 0.8241231390360838
train_recall: 0.7152869031975471
train_f1: 0.765857662094032
val_loss: 0.49313244885868496
val_accuracy: 0.7589519650655022
val_precision: 0.802020202020202
val_recall: 0.6904347826086956
val_f1: 0.7420560747663552
test_loss: 0.47932951317893135
test_accuracy: 0.7799126637554585
test_precision: 0.8201160541586073
test_recall: 0.7272727272727273
test_f1: 0.770909090909091
min_lr: 5e-05
max_lr: 0.005
total_time: 101.85893607139587
average_epoch_time: 1.0185841751098632
