train_loss: 0.5608081593204607
train_accuracy: 0.7165653495440729
train_precision: 0.7206287920573635
train_recall: 0.6808233454924439
train_f1: 0.7001607717041801
val_loss: 0.5649983036902643
val_accuracy: 0.7031408308004052
val_precision: 0.6956521739130435
val_recall: 0.6551724137931034
val_f1: 0.6748057713651499
test_loss: 0.5821999244151577
test_accuracy: 0.694331983805668
test_precision: 0.6555819477434679
test_recall: 0.6374133949191686
test_f1: 0.6463700234192038
min_lr: 1e-05
max_lr: 0.0015
total_time: 84.33570837974548
average_epoch_time: 0.8433524703979492
