train_loss: 0.5396108331709255
train_accuracy: 0.7370820668693009
train_precision: 0.7469170403587444
train_recall: 0.6943720687858259
train_f1: 0.7196867404806914
val_loss: 0.5324097343029515
val_accuracy: 0.7487335359675785
val_precision: 0.7559241706161137
val_recall: 0.6875
val_f1: 0.7200902934537246
test_loss: 0.547474609267327
test_accuracy: 0.72165991902834
test_precision: 0.6880952380952381
test_recall: 0.6674364896073903
test_f1: 0.6776084407971864
min_lr: 1e-07
max_lr: 0.001
total_time: 70.93364882469177
average_epoch_time: 0.7093315768241882
