train_loss: 0.49176374077796936
train_accuracy: 0.7740773094562131
train_precision: 0.8108040826487428
train_recall: 0.7133158125273763
train_f1: 0.7589420948386345
val_loss: 0.49918391307195026
val_accuracy: 0.7528384279475983
val_precision: 0.7908366533864541
val_recall: 0.6904347826086956
val_f1: 0.7372330547818013
test_loss: 0.4914237889978621
test_accuracy: 0.7694323144104803
test_precision: 0.8073217726396917
test_recall: 0.7186963979416809
test_f1: 0.7604355716878403
min_lr: 0.002
max_lr: 0.03
total_time: 98.31471514701843
average_epoch_time: 0.9831423258781433
