train_loss: 14.293886698209322
train_mse: 13.467198371887207
train_mae: 2.611816167831421
train_rmse: 3.6697680950164795
train_r2: 0.8399322032928467
val_loss: 13.663297653198242
val_mse: 13.891165733337402
val_mae: 2.98403000831604
val_rmse: 3.7270853519439697
val_r2: 0.7705679535865784
test_loss: 18.58254361152649
test_mse: 21.704235076904297
test_mae: 2.993849992752075
test_rmse: 4.658780574798584
test_r2: 0.7955560684204102
min_lr: 1e-05
max_lr: 0.08
total_time: 3.824871063232422
average_epoch_time: 0.03824330806732178
