train_loss: 0.29403769969940186
train_mse: 0.29403769969940186
train_mae: 0.3768984079360962
train_rmse: 0.5422524213790894
train_r2: 0.7648192644119263
val_loss: 0.3257026672363281
val_mse: 0.3257026672363281
val_mae: 0.3951791822910309
val_rmse: 0.5707036852836609
val_r2: 0.7504844665527344
test_loss: 0.2975890636444092
test_mse: 0.2975890636444092
test_mae: 0.3816533386707306
test_rmse: 0.5455172657966614
test_r2: 0.7639912962913513
