train_loss: 1.3221794366836548
train_mse: 1.3221794366836548
train_mae: 0.915209949016571
train_rmse: 1.1498606204986572
train_r2: -0.04330216720700264
val_loss: 1.3706023693084717
val_mse: 1.3706023693084717
val_mae: 0.928507387638092
val_rmse: 1.170727252960205
val_r2: -0.03930312767624855
test_loss: 1.3264981508255005
test_mse: 1.3264981508255005
test_mae: 0.9184255003929138
test_rmse: 1.1517369747161865
test_r2: -0.03145939111709595
