train_loss: 0.5362091313006907
train_accuracy: 0.7341691995947315
train_precision: 0.7336737436173072
train_recall: 0.7113079729025534
train_f1: 0.7223177669003836
val_loss: 0.532889332502119
val_accuracy: 0.7345491388044579
val_precision: 0.7285067873303167
val_recall: 0.6939655172413793
val_f1: 0.7108167770419426
test_loss: 0.5543728095869864
test_accuracy: 0.7135627530364372
test_precision: 0.6712328767123288
test_recall: 0.6789838337182448
test_f1: 0.6750861079219288
min_lr: 1e-07
max_lr: 0.0003
total_time: 101.41776180267334
average_epoch_time: 1.0141733956336976
