train_loss: 51.446460283719574
train_mse: 49.9978141784668
train_mae: 5.059377670288086
train_rmse: 7.070913314819336
train_r2: 0.4057381749153137
val_loss: 28.913785934448242
val_mse: 32.388614654541016
val_mae: 4.462604999542236
val_rmse: 5.691099643707275
val_r2: 0.46505677700042725
test_loss: 64.99871635437012
test_mse: 69.58405303955078
test_mae: 6.01976203918457
test_rmse: 8.341705322265625
test_r2: 0.3445501923561096
min_lr: 0.01
max_lr: 0.2
total_time: 10.006550073623657
average_epoch_time: 0.10006301879882812
