train_loss: 0.5301712943661597
train_accuracy: 0.7402482269503546
train_precision: 0.7541963015647226
train_recall: 0.6907243355914539
train_f1: 0.7210662314701483
val_loss: 0.5301541201770306
val_accuracy: 0.7416413373860182
val_precision: 0.750599520383693
val_recall: 0.6745689655172413
val_f1: 0.7105561861520999
test_loss: 0.5439218878746033
test_accuracy: 0.728744939271255
test_precision: 0.6932084309133489
test_recall: 0.6836027713625866
test_f1: 0.6883720930232559
min_lr: 4e-05
max_lr: 0.004
total_time: 100.72930932044983
average_epoch_time: 1.0072894454002381
