train_loss: 0.5019701719284058
train_mse: 0.5019701719284058
train_mae: 0.5026751756668091
train_rmse: 0.7084985375404358
train_r2: 0.6017364859580994
val_loss: 0.5311649441719055
val_mse: 0.5311649441719055
val_mae: 0.5194711685180664
val_rmse: 0.7288106083869934
val_r2: 0.5939550995826721
test_loss: 0.4826106131076813
test_mse: 0.4826106131076813
test_mae: 0.4981970489025116
test_rmse: 0.6947017908096313
test_r2: 0.6209831833839417
