train_loss: 0.288131982088089
train_mse: 0.288131982088089
train_mae: 0.3743876814842224
train_rmse: 0.5367792844772339
train_r2: 0.7696753144264221
val_loss: 0.3127365708351135
val_mse: 0.3127365708351135
val_mae: 0.38930997252464294
val_rmse: 0.5592285394668579
val_r2: 0.7589084506034851
test_loss: 0.2849876880645752
test_mse: 0.2849876880645752
test_mae: 0.37458536028862
test_rmse: 0.5338423848152161
test_r2: 0.7734692692756653
