train_loss: 0.5622185082904968
train_accuracy: 0.799410351605154
train_precision: 0.8338634695375581
train_recall: 0.7463863337713534
train_f1: 0.787703686582688
val_loss: 0.4917411100533273
val_accuracy: 0.7589519650655022
val_precision: 0.7891682785299806
val_recall: 0.7095652173913043
val_f1: 0.7472527472527472
test_loss: 0.5763777328862084
test_accuracy: 0.7799126637554585
test_precision: 0.8164435946462715
test_recall: 0.7324185248713551
test_f1: 0.7721518987341771
min_lr: 0.0005
max_lr: 0.003
total_time: 388.32522654533386
average_epoch_time: 3.8832483673095703
