train_loss: 10.403543472290039
train_mse: 10.403543472290039
train_mae: 2.148113489151001
train_rmse: 3.225452423095703
train_r2: 0.8781051635742188
val_loss: 11.6546630859375
val_mse: 11.6546630859375
val_mae: 2.5190341472625732
val_rmse: 3.4138927459716797
val_r2: 0.6818111538887024
test_loss: 9.965742111206055
test_mse: 9.965742111206055
test_mae: 2.3712263107299805
test_rmse: 3.1568562984466553
test_r2: 0.8953611850738525
