train_loss: 0.4983943922830836
train_accuracy: 0.7924889578299904
train_precision: 0.7912631607926669
train_recall: 0.7924889578299904
train_f1: 0.7872085278893094
val_loss: 0.508756777197779
val_accuracy: 0.7864408529973667
val_precision: 0.7851241444751358
val_recall: 0.7864408529973667
val_f1: 0.7806100329795775
test_loss: 0.5085559375748235
test_accuracy: 0.7879935286220784
test_precision: 0.7865421038468947
test_recall: 0.7879935286220784
test_f1: 0.7826123899812849
min_lr: 1e-07
max_lr: 0.001
total_time: 1375.9930965900421
average_epoch_time: 13.75992156267166
