train_loss: 0.539225055259249
train_accuracy: 0.7378419452887538
train_precision: 0.7550490478938258
train_recall: 0.6818655549765503
train_f1: 0.7165936473165389
val_loss: 0.5389203006221402
val_accuracy: 0.7345491388044579
val_precision: 0.7487684729064039
val_recall: 0.6551724137931034
val_f1: 0.6988505747126437
test_loss: 0.5522826592768392
test_accuracy: 0.7277327935222672
test_precision: 0.6980676328502415
test_recall: 0.6674364896073903
test_f1: 0.6824085005903188
min_lr: 1e-06
max_lr: 0.002
total_time: 100.25814056396484
average_epoch_time: 1.0025765085220337
