train_loss: 0.47118431081374484
train_accuracy: 0.7829220353789037
train_precision: 0.8243583291394061
train_recall: 0.7174770039421814
train_f1: 0.7672131147540984
val_loss: 0.4998815423912472
val_accuracy: 0.7510917030567685
val_precision: 0.7911646586345381
val_recall: 0.6852173913043478
val_f1: 0.7343895619757688
test_loss: 0.4815112915303972
test_accuracy: 0.7764192139737991
test_precision: 0.8237623762376237
test_recall: 0.7135506003430532
test_f1: 0.7647058823529412
min_lr: 8e-05
max_lr: 0.004
total_time: 107.0168137550354
average_epoch_time: 1.0701628851890563
