train_loss: 651.7792894586089
train_mse: 651.9525756835938
train_mae: 20.001232147216797
train_rmse: 25.533361434936523
train_r2: 0.9991032635649316
val_loss: 861.405375059486
val_mse: 861.4087524414062
val_mae: 22.693933486938477
val_rmse: 29.34976577758789
val_r2: 0.9988170450673853
test_loss: 849.6932180956536
test_mse: 849.7816772460938
test_mae: 22.49776840209961
test_rmse: 29.15101432800293
test_r2: 0.9988325926389734
min_lr: 2e-05
max_lr: 0.0004
total_time: 1512.0699150562286
average_epoch_time: 15.12068171262741
