train_loss: 0.4707647183007895
train_accuracy: 0.7808473465822232
train_precision: 0.8199549887471868
train_recall: 0.7181340341655716
train_f1: 0.765674255691769
val_loss: 0.48959944893916446
val_accuracy: 0.7685589519650655
val_precision: 0.8087649402390438
val_recall: 0.7060869565217391
val_f1: 0.7539461467038069
test_loss: 0.48218991772996056
test_accuracy: 0.7746724890829695
test_precision: 0.8143133462282398
test_recall: 0.7221269296740995
test_f1: 0.7654545454545454
min_lr: 1e-07
max_lr: 1e-05
total_time: 162.51103353500366
average_epoch_time: 1.6251052474975587
