train_loss: 0.5293555225920581
train_accuracy: 0.743161094224924
train_precision: 0.7627758420441347
train_recall: 0.684471078686816
train_f1: 0.7215050810216973
val_loss: 0.5361755788326263
val_accuracy: 0.7406281661600811
val_precision: 0.76
val_recall: 0.6551724137931034
val_f1: 0.7037037037037037
test_loss: 0.547412351254494
test_accuracy: 0.7408906882591093
test_precision: 0.7206982543640897
test_recall: 0.6674364896073903
test_f1: 0.6930455635491607
min_lr: 5e-05
max_lr: 0.0007
total_time: 317.44132137298584
average_epoch_time: 3.1744088983535765
