train_loss: 3.5657622539080105
train_mse: 3.5384528636932373
train_mae: 1.4308009147644043
train_rmse: 1.881077527999878
train_r2: 0.9579428434371948
val_loss: 11.583257675170898
val_mse: 12.167645454406738
val_mae: 2.3452577590942383
val_rmse: 3.488215208053589
val_r2: 0.7990343570709229
test_loss: 10.077800512313843
test_mse: 11.028861999511719
test_mae: 2.256868362426758
test_rmse: 3.3209731578826904
test_r2: 0.8961131572723389
min_lr: 0.005
max_lr: 0.008
total_time: 19.42230725288391
average_epoch_time: 0.19422004699707032
