train_loss: 0.5741066336631775
train_accuracy: 0.7117527723312378
train_precision: 0.7590522766113281
train_recall: 0.5924633741378784
train_auc: 0.7841298580169678
val_loss: 0.5767475366592407
val_accuracy: 0.7082067131996155
val_precision: 0.741605818271637
val_recall: 0.5600882172584534
val_auc: 0.7736903429031372
test_loss: 0.5789949297904968
test_accuracy: 0.7149367332458496
test_precision: 0.770691990852356
test_recall: 0.590436577796936
test_auc: 0.7825554609298706
