train_loss: 0.24398605525493622
train_mse: 0.24398605525493622
train_mae: 0.33373555541038513
train_rmse: 0.49394944310188293
train_r2: 0.8042125105857849
val_loss: 0.27041882276535034
val_mse: 0.27041882276535034
val_mae: 0.3469230532646179
val_rmse: 0.5200181007385254
val_r2: 0.7731683850288391
test_loss: 0.2616572976112366
test_mse: 0.2616572976112366
test_mae: 0.34582796692848206
test_rmse: 0.511524498462677
test_r2: 0.802951991558075
