train_loss: 0.4687581321919006
train_accuracy: 0.7817208997597729
train_precision: 0.8042190092438967
train_recall: 0.7431011826544021
train_f1: 0.7724530449630052
val_loss: 0.4981575161218643
val_accuracy: 0.7668122270742358
val_precision: 0.7938931297709924
val_recall: 0.7234782608695652
val_f1: 0.7570518653321202
test_loss: 0.49619631386465496
test_accuracy: 0.7729257641921398
test_precision: 0.7931034482758621
test_recall: 0.7495711835334476
test_f1: 0.7707231040564374
min_lr: 5e-05
max_lr: 0.004
total_time: 85.16898202896118
average_epoch_time: 0.8516871786117554
