train_loss: 10.080442318549522
train_mse: 10.15064525604248
train_mae: 2.238457441329956
train_rmse: 3.1860077381134033
train_r2: 0.8793519139289856
val_loss: 12.406363487243652
val_mse: 12.307330131530762
val_mae: 2.672985553741455
val_rmse: 3.5081803798675537
val_r2: 0.7967272400856018
test_loss: 18.074636697769165
test_mse: 20.981231689453125
test_mae: 2.915106773376465
test_rmse: 4.580527305603027
test_r2: 0.8023664355278015
min_lr: 1e-05
max_lr: 0.08
total_time: 3.3074707984924316
average_epoch_time: 0.0330725622177124
