train_loss: 9.198963660460253
train_mse: 8.740316390991211
train_mae: 2.0829110145568848
train_rmse: 2.956402540206909
train_r2: 0.896114706993103
val_loss: 11.674903392791748
val_mse: 11.4830961227417
val_mae: 2.6898462772369385
val_rmse: 3.388671636581421
val_r2: 0.8103406429290771
test_loss: 15.776637077331543
test_mse: 17.663394927978516
test_mae: 2.873065710067749
test_rmse: 4.202784061431885
test_r2: 0.8336189389228821
min_lr: 1e-06
max_lr: 0.04
total_time: 6.637985706329346
average_epoch_time: 0.06637705326080322
