train_loss: 0.5465844073276288
train_accuracy: 0.7325227963525835
train_precision: 0.7713836477987421
train_recall: 0.6391349661281918
train_f1: 0.6990595611285266
val_loss: 0.556050701487449
val_accuracy: 0.7254305977710233
val_precision: 0.7506493506493507
val_recall: 0.6228448275862069
val_f1: 0.6808009422850412
test_loss: 0.5616226013629667
test_accuracy: 0.72165991902834
test_precision: 0.7123655913978495
test_recall: 0.6120092378752887
test_f1: 0.6583850931677019
min_lr: 0.0001
max_lr: 0.002
total_time: 670.1791405677795
average_epoch_time: 6.7017871332168575
