train_loss: 8.0382080078125
train_mse: 8.0382080078125
train_mae: 2.0641918182373047
train_rmse: 2.8351733684539795
train_r2: 0.9019816517829895
val_loss: 13.006855010986328
val_mse: 13.006855010986328
val_mae: 2.803030014038086
val_rmse: 3.606501817703247
val_r2: 0.6998929381370544
test_loss: 16.39301300048828
test_mse: 16.39301300048828
test_mae: 2.9141132831573486
test_rmse: 4.048828601837158
test_r2: 0.8642501831054688
