train_loss: 0.45302920599016994
train_accuracy: 0.7936230618038873
train_precision: 0.8187232015245355
train_recall: 0.7527376259307929
train_f1: 0.7843450479233227
val_loss: 0.4990228008892801
val_accuracy: 0.7572052401746725
val_precision: 0.780718336483932
val_recall: 0.7182608695652174
val_f1: 0.7481884057971014
test_loss: 0.4801233584682147
test_accuracy: 0.7790393013100436
test_precision: 0.8021978021978022
test_recall: 0.7512864493996569
test_f1: 0.7759078830823738
min_lr: 0.0001
max_lr: 0.0006
total_time: 217.42535829544067
average_epoch_time: 2.1742491841316225
