train_loss: 0.04834138000428077
train_accuracy: 0.9806458136567924
train_precision: 0.9806671326011458
train_recall: 0.9806458136567924
train_f1: 0.9806530542379579
val_loss: 0.1392691449594524
val_accuracy: 0.9516703671193267
val_precision: 0.9516877185804946
val_recall: 0.9516703671193267
val_f1: 0.9516681285858164
test_loss: 0.13710147517400953
test_accuracy: 0.9534267322983718
test_precision: 0.9534703880025859
test_recall: 0.9534267322983718
test_f1: 0.9534415780687937
min_lr: 1e-05
max_lr: 0.002
total_time: 3877.132642507553
average_epoch_time: 38.77131225824356
