train_loss: 0.6965832390436312
train_accuracy: 0.5014195239135182
train_precision: 0.0
train_recall: 0.0
train_f1: 0.0
val_loss: 0.6973030749294493
val_accuracy: 0.4978165938864629
val_precision: 0.0
val_recall: 0.0
val_f1: 0.0
test_loss: 0.6985786441299651
test_accuracy: 0.4908296943231441
test_precision: 0.0
test_recall: 0.0
test_f1: 0.0
min_lr: 1e-07
max_lr: 1e-05
total_time: 173.86967658996582
average_epoch_time: 1.7386919474601745
