train_loss: 35.35407198392428
train_mse: 34.490962982177734
train_mae: 3.782572031021118
train_rmse: 5.87290096282959
train_r2: 0.5900487899780273
val_loss: 28.76896572113037
val_mse: 29.455047607421875
val_mae: 4.071406841278076
val_rmse: 5.427250385284424
val_r2: 0.513508677482605
test_loss: 47.47986030578613
test_mse: 50.043758392333984
test_mae: 4.40941858291626
test_rmse: 7.074161529541016
test_r2: 0.5286108255386353
min_lr: 0.005
max_lr: 0.2
total_time: 10.36254334449768
average_epoch_time: 0.10362178564071656
