train_loss: 26.65899133682251
train_mse: 18.879709243774414
train_mae: 2.938891649246216
train_rmse: 4.345078945159912
train_r2: 0.7756003737449646
val_loss: 16.765352249145508
val_mse: 16.765350341796875
val_mae: 3.089442253112793
val_rmse: 4.094551086425781
val_r2: 0.7230967879295349
test_loss: 29.80451774597168
test_mse: 29.804515838623047
test_mae: 3.2732160091400146
test_rmse: 5.459351062774658
test_r2: 0.7192551493644714
min_lr: 2e-05
max_lr: 0.1
total_time: 2.1792731285095215
average_epoch_time: 0.02179055690765381
