train_loss: 0.5248217425412602
train_accuracy: 0.7552959161388949
train_precision: 0.7946768060836502
train_recall: 0.6865965834428384
train_f1: 0.7366936905181529
val_loss: 0.5228691962030199
val_accuracy: 0.7493449781659388
val_precision: 0.7903225806451613
val_recall: 0.6817391304347826
val_f1: 0.7320261437908496
test_loss: 0.5023175842232175
test_accuracy: 0.7668122270742358
test_precision: 0.805019305019305
test_recall: 0.7152658662092625
test_f1: 0.7574931880108992
min_lr: 0.002
max_lr: 0.07
total_time: 70.2177460193634
average_epoch_time: 0.7021729040145874
