train_loss: 4.305253028869629
train_mse: 4.305253028869629
train_mae: 1.5030405521392822
train_rmse: 2.0749104022979736
train_r2: 0.9457510709762573
val_loss: 11.042288780212402
val_mse: 11.042288780212402
val_mae: 2.453425168991089
val_rmse: 3.3229939937591553
val_r2: 0.7560539245605469
test_loss: 17.52290916442871
test_mse: 17.52290916442871
test_mae: 2.8977131843566895
test_rmse: 4.186037540435791
test_r2: 0.8459151983261108
