train_loss: 0.32458022241337053
train_accuracy: 0.8725541028680598
train_precision: 0.8723035840943534
train_recall: 0.8725541028680598
train_f1: 0.8707248177535665
val_loss: 0.3870550662869924
val_accuracy: 0.8501919071960896
val_precision: 0.849476352859412
val_recall: 0.8501919071960896
val_f1: 0.8478046817816901
test_loss: 0.3850947546604446
test_accuracy: 0.8506419744587106
test_precision: 0.8501450682986175
test_recall: 0.8506419744587106
test_f1: 0.8481930728559575
min_lr: 1e-07
max_lr: 0.005
total_time: 2059.377343416214
average_epoch_time: 20.593759424686432
