train_loss: 0.6931731285533839
train_accuracy: 0.49858047608648176
train_precision: 0.49858047608648176
train_recall: 1.0
train_f1: 0.6654036723987176
val_loss: 0.6931319385766983
val_accuracy: 0.5021834061135371
val_precision: 0.5021834061135371
val_recall: 1.0
val_f1: 0.6686046511627907
test_loss: 0.6930589427550634
test_accuracy: 0.509170305676856
test_precision: 0.509170305676856
test_recall: 1.0
test_f1: 0.6747685185185186
min_lr: 0.03
max_lr: 0.06
total_time: 112.3257372379303
average_epoch_time: 1.1232548403739928
