train_loss: 0.6855335185752097
train_accuracy: 0.5286088665647521
train_precision: 0.5180670439703962
train_recall: 0.7818659658344284
train_f1: 0.6231997905210788
val_loss: 0.6908551139963998
val_accuracy: 0.5039301310043668
val_precision: 0.5040369088811996
val_recall: 0.76
val_f1: 0.6061026352288488
test_loss: 0.6893168671263589
test_accuracy: 0.519650655021834
test_precision: 0.5194805194805194
test_recall: 0.7547169811320755
test_f1: 0.6153846153846154
min_lr: 5e-06
max_lr: 0.001
total_time: 328.820880651474
average_epoch_time: 3.288204798698425
