train_loss: 0.39738562483225626
train_accuracy: 0.8349601664339545
train_precision: 0.8213604075321996
train_recall: 0.8349601664339545
train_f1: 0.826370384123524
val_loss: 0.4055398078348143
val_accuracy: 0.8294349494845183
val_precision: 0.8154346873565731
val_recall: 0.8294349494845183
val_f1: 0.8207580651043563
test_loss: 0.4009265499886962
test_accuracy: 0.8324670407214898
test_precision: 0.8188490853854807
test_recall: 0.8324670407214898
test_f1: 0.8237058109921256
min_lr: 4e-05
max_lr: 0.02
total_time: 6251.811802864075
average_epoch_time: 62.51810786724091
