train_loss: 0.5271467279326095
train_accuracy: 0.7402482269503546
train_precision: 0.7563845050215208
train_recall: 0.6868160500260553
train_f1: 0.7199235286084937
val_loss: 0.538488450550264
val_accuracy: 0.7264437689969605
val_precision: 0.7425
val_recall: 0.6400862068965517
val_f1: 0.6875
test_loss: 0.5592116280909507
test_accuracy: 0.728744939271255
test_precision: 0.7027027027027027
test_recall: 0.6605080831408776
test_f1: 0.680952380952381
min_lr: 1e-07
max_lr: 0.002
total_time: 359.74828457832336
average_epoch_time: 3.597479064464569
