train_loss: 0.5326388972973534
train_accuracy: 0.7389817629179332
train_precision: 0.7387798978769148
train_recall: 0.7162584679520584
train_f1: 0.7273448868898003
val_loss: 0.5305537850626053
val_accuracy: 0.7396149949341438
val_precision: 0.7390300230946882
val_recall: 0.6896551724137931
val_f1: 0.7134894091415831
test_loss: 0.5461953618834096
test_accuracy: 0.7257085020242915
test_precision: 0.6910377358490566
test_recall: 0.6766743648960739
test_f1: 0.6837806301050176
min_lr: 0.003
max_lr: 0.035
total_time: 110.38659453392029
average_epoch_time: 1.1038621544837952
