train_loss: 0.3896216076925922
train_accuracy: 0.840693704295743
train_precision: 0.8427975198457459
train_recall: 0.840693704295743
train_f1: 0.8392389722384951
val_loss: 0.3974248406185978
val_accuracy: 0.8362334555343282
val_precision: 0.8384320522617168
val_recall: 0.8362334555343282
val_f1: 0.834603688999673
test_loss: 0.39534865001356023
test_accuracy: 0.8377164297270318
test_precision: 0.8402532396560579
test_recall: 0.8377164297270318
test_f1: 0.8362745723823392
min_lr: 2e-05
max_lr: 0.02
total_time: 3461.8998849391937
average_epoch_time: 34.61897702932358
