train_loss: 29.53753608132377
train_mse: 29.542085647583008
train_mae: 4.24885892868042
train_rmse: 5.435263156890869
train_r2: 0.9999593659623448
val_loss: 556.2686637452412
val_mse: 556.3318481445312
val_mae: 15.995957374572754
val_rmse: 23.586687088012695
val_r2: 0.9992360009251627
test_loss: 598.9949771474461
test_mse: 599.148681640625
test_mae: 16.257343292236328
test_rmse: 24.477514266967773
test_r2: 0.9991769055412355
min_lr: 1e-05
max_lr: 0.004
total_time: 836.3129470348358
average_epoch_time: 8.363110809326171
