train_loss: 0.09119490882082297
train_accuracy: 0.9640798693656965
train_precision: 0.9640626000433709
train_recall: 0.9640798693656965
train_f1: 0.9640517788515509
val_loss: 0.1231050017630345
val_accuracy: 0.9525137260976575
val_precision: 0.9524552503693908
val_recall: 0.9525137260976575
val_f1: 0.9524532814954314
test_loss: 0.1202650919950481
test_accuracy: 0.9527727100616158
test_precision: 0.9527436211449894
test_recall: 0.9527727100616158
test_f1: 0.9527222837637314
min_lr: 1e-05
max_lr: 0.005
total_time: 2747.231943130493
average_epoch_time: 27.472311129570006
