train_loss: 0.5603771095491867
train_accuracy: 0.7919851495959817
train_precision: 0.81640903686088
train_recall: 0.7518615856329391
train_f1: 0.7828069775396193
val_loss: 0.4990419116285112
val_accuracy: 0.7703056768558952
val_precision: 0.7899628252788105
val_recall: 0.7391304347826086
val_f1: 0.7637017070979335
test_loss: 0.6938920583989885
test_accuracy: 0.7641921397379913
test_precision: 0.789279112754159
test_recall: 0.7324185248713551
test_f1: 0.7597864768683273
min_lr: 0.001
max_lr: 0.002
total_time: 393.9289734363556
average_epoch_time: 3.939285035133362
