train_loss: 0.2713524815031545
train_accuracy: 0.8940252878063893
train_precision: 0.8951798748790697
train_recall: 0.8940252878063893
train_f1: 0.8933388804347175
val_loss: 0.28149364678607636
val_accuracy: 0.8890380544224712
val_precision: 0.8900019599213888
val_recall: 0.8890380544224712
val_f1: 0.8881306413442579
test_loss: 0.2789322370540203
test_accuracy: 0.8902619531169322
test_precision: 0.8915948888294012
test_recall: 0.8902619531169322
test_f1: 0.8894302987194316
min_lr: 5e-05
max_lr: 0.01
total_time: 5662.539244413376
average_epoch_time: 56.62537647247314
