train_loss: 0.5347502273827912
train_accuracy: 0.7401215805471124
train_precision: 0.7340146750524109
train_recall: 0.7298071912454404
train_f1: 0.731904886333943
val_loss: 0.5428886077096385
val_accuracy: 0.7335359675785208
val_precision: 0.7228381374722838
val_recall: 0.7025862068965517
val_f1: 0.7125683060109289
test_loss: 0.5726584859432713
test_accuracy: 0.7277327935222672
test_precision: 0.6798245614035088
test_recall: 0.7159353348729792
test_f1: 0.6974128233970753
min_lr: 1e-07
max_lr: 0.002
total_time: 80.380291223526
average_epoch_time: 0.8037978625297546
