train_loss: 0.6929435825514045
train_accuracy: 0.5067700371260101
train_precision: 0.5028894916853403
train_recall: 0.9338589575120455
train_f1: 0.653737064009199
val_loss: 0.6930039574702581
val_accuracy: 0.5039301310043668
val_precision: 0.5033492822966508
val_recall: 0.9147826086956522
val_f1: 0.6493827160493827
test_loss: 0.6929738918940226
test_accuracy: 0.5100436681222708
test_precision: 0.5104761904761905
test_recall: 0.9193825042881647
test_f1: 0.6564605021432945
min_lr: 1e-05
max_lr: 0.0015
total_time: 207.62666177749634
average_epoch_time: 2.0762623524665833
