train_loss: 0.5335372762400129
train_accuracy: 0.7462006079027356
train_precision: 0.7279960218796618
train_recall: 0.7628973423658155
train_f1: 0.7450381679389313
val_loss: 0.5375637498594099
val_accuracy: 0.7416413373860182
val_precision: 0.7154639175257732
val_recall: 0.7478448275862069
val_f1: 0.7312961011591148
test_loss: 0.5662755254776247
test_accuracy: 0.7165991902834008
test_precision: 0.6558044806517311
test_recall: 0.74364896073903
test_f1: 0.696969696969697
min_lr: 0.0008
max_lr: 0.004
total_time: 891.6608378887177
average_epoch_time: 8.916603586673737
