train_loss: 85.30087280273438
train_mse: 85.30087280273438
train_mae: 6.688859939575195
train_rmse: 9.235847473144531
train_r2: -0.055500637739896774
val_loss: 80.17622375488281
val_mse: 80.17622375488281
val_mae: 6.392393112182617
val_rmse: 8.954117774963379
val_r2: -0.028779596090316772
test_loss: 85.9742660522461
test_mse: 85.9742660522461
test_mae: 6.766880035400391
test_rmse: 9.272231101989746
test_r2: -0.04017233848571777
