train_loss: 6808.038535800682
train_mse: 6809.2578125
train_mae: 65.12661743164062
train_rmse: 82.51822662353516
train_r2: 0.9906341433525085
val_loss: 7708.195396771891
val_mse: 7707.46435546875
val_mae: 68.52869415283203
val_rmse: 87.79216766357422
val_r2: 0.9894155263900757
test_loss: 7705.842228148795
test_mse: 7706.73583984375
test_mae: 68.50790405273438
test_rmse: 87.78801727294922
test_r2: 0.9894126653671265
min_lr: 4e-05
max_lr: 0.002
total_time: 3112.6979019641876
average_epoch_time: 31.12697067260742
