train_loss: 13.522658054645245
train_mse: 13.595044136047363
train_mae: 2.4571518898010254
train_rmse: 3.687145709991455
train_r2: 0.8384126424789429
val_loss: 15.31935167312622
val_mse: 15.774680137634277
val_mae: 3.097249746322632
val_rmse: 3.9717352390289307
val_r2: 0.7394590973854065
test_loss: 19.84637713432312
test_mse: 23.317502975463867
test_mae: 3.010439157485962
test_rmse: 4.82882022857666
test_r2: 0.7803598642349243
min_lr: 0.002
max_lr: 0.2
total_time: 9.134121894836426
average_epoch_time: 0.09133851528167725
