train_loss: 11102.7373388455
train_mse: 11109.2646484375
train_mae: 82.43911743164062
train_rmse: 105.40049743652344
train_r2: 0.9847196209070376
val_loss: 13465.441733423224
val_mse: 13458.7158203125
val_mae: 89.54585266113281
val_rmse: 116.01170349121094
val_r2: 0.9815174221381632
test_loss: 13585.91589665292
test_mse: 13586.7685546875
test_mae: 89.72233581542969
test_rmse: 116.56229400634766
test_r2: 0.9813348615152733
min_lr: 2e-05
max_lr: 0.001
total_time: 1372.6345615386963
average_epoch_time: 13.72632295370102
