train_loss: 0.5631726737901371
train_accuracy: 0.7611836259624921
train_precision: 0.758610862426264
train_recall: 0.7611836259624921
train_f1: 0.7537384648929377
val_loss: 0.5711991065530525
val_accuracy: 0.7574052081719764
val_precision: 0.7532888954417767
val_recall: 0.7574052081719764
val_f1: 0.7493518954087353
test_loss: 0.5715412983285173
test_accuracy: 0.7567725723727239
test_precision: 0.7537564246399902
test_recall: 0.7567725723727239
test_f1: 0.7492080309516105
min_lr: 1e-06
max_lr: 0.02
total_time: 1277.541719198227
average_epoch_time: 12.775405910015106
