train_loss: 3.6877025182430563
train_mse: 3.7455148696899414
train_mae: 1.4702339172363281
train_rmse: 1.935333251953125
train_r2: 0.9554817080497742
val_loss: 19.07337188720703
val_mse: 19.96564292907715
val_mae: 3.423673152923584
val_rmse: 4.468293190002441
val_r2: 0.6702395081520081
test_loss: 14.137709617614746
test_mse: 15.645545959472656
test_mae: 3.068836212158203
test_rmse: 3.9554450511932373
test_r2: 0.8526261448860168
min_lr: 5e-06
max_lr: 0.005
total_time: 26.638018131256104
average_epoch_time: 0.2663723587989807
