train_loss: 0.5394732680639275
train_accuracy: 0.73290273556231
train_precision: 0.7180327868852459
train_recall: 0.7417926003126628
train_f1: 0.7297193387158785
val_loss: 0.5299389737267648
val_accuracy: 0.7497467071935157
val_precision: 0.7274633123689728
val_recall: 0.7478448275862069
val_f1: 0.7375132837407014
test_loss: 0.5584247948661927
test_accuracy: 0.7034412955465587
test_precision: 0.6464435146443515
test_recall: 0.7136258660508084
test_f1: 0.6783754116355654
min_lr: 0.0002
max_lr: 0.0015
total_time: 104.11150240898132
average_epoch_time: 1.041110453605652
