train_loss: 0.5160690014370642
train_accuracy: 0.7638130596200043
train_precision: 0.7845133791143737
train_recall: 0.7255803766973281
train_f1: 0.7538969166002958
val_loss: 0.5197468002637228
val_accuracy: 0.7589519650655022
val_precision: 0.7804878048780488
val_recall: 0.7234782608695652
val_f1: 0.7509025270758123
test_loss: 0.49990563839673996
test_accuracy: 0.7694323144104803
test_precision: 0.7894736842105263
test_recall: 0.7461406518010292
test_f1: 0.7671957671957672
min_lr: 0.0002
max_lr: 0.01
total_time: 227.47212147712708
average_epoch_time: 2.2747172856330873
