train_loss: 0.4444310764298622
train_accuracy: 0.7967896920725049
train_precision: 0.8107052607397197
train_recall: 0.7728865527814279
train_f1: 0.7913443211122323
val_loss: 0.48486178119977313
val_accuracy: 0.7703056768558952
val_precision: 0.782608695652174
val_recall: 0.7513043478260869
val_f1: 0.7666370896184561
test_loss: 0.452640766898791
test_accuracy: 0.7868995633187773
test_precision: 0.8076225045372051
test_recall: 0.7632933104631218
test_f1: 0.7848324514991182
min_lr: 1e-07
max_lr: 0.0001
total_time: 984.807648897171
average_epoch_time: 9.84807105064392
