train_loss: 0.2701568007469177
train_mse: 0.2701568007469177
train_mae: 0.3541710376739502
train_rmse: 0.519766092300415
train_r2: 0.7824124693870544
val_loss: 0.2854023277759552
val_mse: 0.2854023277759552
val_mae: 0.36072009801864624
val_rmse: 0.5342305898666382
val_r2: 0.7634074091911316
test_loss: 0.26748034358024597
test_mse: 0.26748034358024597
test_mae: 0.35853099822998047
test_rmse: 0.5171850323677063
test_r2: 0.7963359355926514
