train_loss: 6.224183027560894
train_mse: 6.274161338806152
train_mae: 1.8511385917663574
train_rmse: 2.5048274993896484
train_r2: 0.9254268407821655
val_loss: 16.36868953704834
val_mse: 17.728343963623047
val_mae: 2.8922903537750244
val_rmse: 4.210504055023193
val_r2: 0.7071915864944458
test_loss: 9.41857647895813
test_mse: 9.960824012756348
test_mae: 2.2123382091522217
test_rmse: 3.1560773849487305
test_r2: 0.906173586845398
min_lr: 0.0002
max_lr: 0.002
total_time: 58.371896505355835
average_epoch_time: 0.5837154173851014
