train_loss: 63.03622055053711
train_mse: 62.0345344543457
train_mae: 5.113874912261963
train_rmse: 7.8762006759643555
train_r2: 0.26267266273498535
val_loss: 41.1967077255249
val_mse: 46.41081237792969
val_mae: 4.973493576049805
val_rmse: 6.8125481605529785
val_r2: 0.23346054553985596
test_loss: 92.38707733154297
test_mse: 93.75170135498047
test_mae: 6.456472873687744
test_rmse: 9.682546615600586
test_r2: 0.11690205335617065
min_lr: 0.001
max_lr: 0.2
total_time: 10.068199157714844
average_epoch_time: 0.10067862987518311
