train_loss: 0.4811028180845108
train_accuracy: 0.7783358811967679
train_precision: 0.798915605846299
train_recall: 0.7422251423565484
train_f1: 0.7695277020890101
val_loss: 0.4916938344637553
val_accuracy: 0.765938864628821
val_precision: 0.7890772128060264
val_recall: 0.7286956521739131
val_f1: 0.7576853526220614
test_loss: 0.4750852899418937
test_accuracy: 0.7825327510917031
test_precision: 0.8058608058608059
test_recall: 0.7547169811320755
test_f1: 0.7794508414526129
min_lr: 1e-07
max_lr: 0.0003
total_time: 93.9767165184021
average_epoch_time: 0.939762499332428
