train_loss: 0.47083305305304846
train_accuracy: 0.7879449661498144
train_precision: 0.8144774688398849
train_recall: 0.7441962330267192
train_f1: 0.7777523460746166
val_loss: 0.49877530501948464
val_accuracy: 0.7580786026200873
val_precision: 0.7865384615384615
val_recall: 0.711304347826087
val_f1: 0.7470319634703196
test_loss: 0.4886396949489911
test_accuracy: 0.7781659388646288
test_precision: 0.8051948051948052
test_recall: 0.7444253859348199
test_f1: 0.7736185383244207
min_lr: 1e-06
max_lr: 0.002
total_time: 73.25712299346924
average_epoch_time: 0.7325681710243225
