train_loss: 0.6851183020279382
train_accuracy: 0.5111378030137584
train_precision: 1.0
train_recall: 0.019491896627244855
train_f1: 0.03823845327604727
val_loss: 0.6874362279971441
val_accuracy: 0.5013100436681223
val_precision: 1.0
val_recall: 0.006956521739130435
val_f1: 0.013816925734024179
test_loss: 0.6892104910479652
test_accuracy: 0.4960698689956332
test_precision: 1.0
test_recall: 0.010291595197255575
test_f1: 0.02037351443123939
min_lr: 5e-06
max_lr: 0.001
total_time: 212.81502294540405
average_epoch_time: 2.1281442618370057
