train_loss: 24.25493812561035
train_mse: 24.25493812561035
train_mae: 2.4466559886932373
train_rmse: 4.924930095672607
train_r2: 0.7159968018531799
val_loss: 22.645811080932617
val_mse: 22.645811080932617
val_mae: 3.1096575260162354
val_rmse: 4.758761405944824
val_r2: 0.5983044505119324
test_loss: 43.64308166503906
test_mse: 43.6430778503418
test_mae: 4.114816665649414
test_rmse: 6.606290817260742
test_r2: 0.5992282629013062
