train_loss: 0.5312261134989349
train_accuracy: 0.7405015197568389
train_precision: 0.7314359637774903
train_recall: 0.7365815528921313
train_f1: 0.7339997403608983
val_loss: 0.5357536164022261
val_accuracy: 0.7477203647416414
val_precision: 0.7321814254859611
val_recall: 0.7306034482758621
val_f1: 0.7313915857605178
test_loss: 0.5416871376575962
test_accuracy: 0.7327935222672065
test_precision: 0.678646934460888
test_recall: 0.7413394919168591
test_f1: 0.7086092715231788
min_lr: 2e-05
max_lr: 0.005
total_time: 196.38017678260803
average_epoch_time: 1.963798406124115
