train_loss: 2397.3201781142184
train_mse: 2398.094970703125
train_mae: 38.37880325317383
train_rmse: 48.9703483581543
train_r2: 0.9967015100990273
val_loss: 5371.617934793385
val_mse: 5371.91748046875
val_mae: 54.74369430541992
val_rmse: 73.29336547851562
val_r2: 0.9926228560881883
test_loss: 5448.500299908788
test_mse: 5449.1845703125
test_mae: 55.31081771850586
test_rmse: 73.81859588623047
test_r2: 0.992514055497884
min_lr: 1e-05
max_lr: 0.005
total_time: 746.2335424423218
average_epoch_time: 7.462326941490173
