train_loss: 23.357751552875225
train_mse: 23.485454559326172
train_mae: 3.2241199016571045
train_rmse: 4.846179485321045
train_r2: 0.7208576202392578
val_loss: 17.523066997528076
val_mse: 18.784955978393555
val_mae: 3.2103099822998047
val_rmse: 4.334161281585693
val_r2: 0.6897401809692383
test_loss: 33.59382438659668
test_mse: 38.614810943603516
test_mae: 3.8961689472198486
test_rmse: 6.214081764221191
test_r2: 0.6362662315368652
min_lr: 0.0005
max_lr: 0.1
total_time: 26.38849139213562
average_epoch_time: 0.263881299495697
