train_loss: 0.5310489583399988
train_accuracy: 0.7427811550151976
train_precision: 0.7622641509433963
train_recall: 0.6842105263157895
train_f1: 0.7211314018948236
val_loss: 0.5322815030813217
val_accuracy: 0.7467071935157041
val_precision: 0.7622549019607843
val_recall: 0.6702586206896551
val_f1: 0.713302752293578
test_loss: 0.5476817935705185
test_accuracy: 0.7348178137651822
test_precision: 0.7142857142857143
test_recall: 0.6581986143187067
test_f1: 0.6850961538461539
min_lr: 5e-05
max_lr: 0.003
total_time: 121.45141434669495
average_epoch_time: 1.2145095229148866
