train_loss: 0.45071393241034985
train_accuracy: 0.7924219261847565
train_precision: 0.8134556574923547
train_recall: 0.7573368374945247
train_f1: 0.7843937847340364
val_loss: 0.49419650932153064
val_accuracy: 0.7650655021834061
val_precision: 0.7897727272727273
val_recall: 0.7252173913043478
val_f1: 0.7561196736174072
test_loss: 0.4889496291677157
test_accuracy: 0.7729257641921398
test_precision: 0.7941712204007286
test_recall: 0.7478559176672385
test_f1: 0.7703180212014133
min_lr: 1e-07
max_lr: 0.001
total_time: 94.01937246322632
average_epoch_time: 0.9401899933815002
