train_loss: 0.523638344245401
train_accuracy: 0.7477203647416414
train_precision: 0.7471880021424746
train_recall: 0.7269411151641479
train_f1: 0.7369255150554676
val_loss: 0.5412290538510969
val_accuracy: 0.7396149949341438
val_precision: 0.7274725274725274
val_recall: 0.7133620689655172
val_f1: 0.720348204570185
test_loss: 0.5557638166412231
test_accuracy: 0.7196356275303644
test_precision: 0.6748878923766816
test_recall: 0.6951501154734411
test_f1: 0.6848691695108078
min_lr: 0.0001
max_lr: 0.001
total_time: 348.8345227241516
average_epoch_time: 3.4883404898643495
