train_loss: 24.393107707683857
train_mse: 23.941787719726562
train_mae: 3.231379508972168
train_rmse: 4.8930344581604
train_r2: 0.7154337167739868
val_loss: 23.906471729278564
val_mse: 26.6339111328125
val_mae: 3.9021403789520264
val_rmse: 5.1608052253723145
val_r2: 0.560103714466095
test_loss: 36.83380317687988
test_mse: 38.05695724487305
test_mae: 4.2878098487854
test_rmse: 6.169032096862793
test_r2: 0.6415209770202637
min_lr: 0.001
max_lr: 0.003
total_time: 10.921771049499512
average_epoch_time: 0.10921093463897705
