train_loss: 49.214044587866304
train_mse: 49.191280364990234
train_mae: 5.54337215423584
train_rmse: 7.0136494636535645
train_r2: 0.9999323392222506
val_loss: 512.4431050102118
val_mse: 512.4423828125
val_mae: 14.297821998596191
val_rmse: 22.637189865112305
val_r2: 0.9992962734185329
test_loss: 532.9440714260044
test_mse: 533.0771484375
test_mae: 14.598118782043457
test_rmse: 23.088462829589844
test_r2: 0.9992676728888048
min_lr: 2e-05
max_lr: 0.0006
total_time: 3853.2810955047607
average_epoch_time: 38.53279205322266
