train_loss: 26.98705687889686
train_mse: 26.851572036743164
train_mae: 3.49361252784729
train_rmse: 5.181850433349609
train_r2: 0.6808487772941589
val_loss: 24.664240837097168
val_mse: 25.68029022216797
val_mae: 4.029130458831787
val_rmse: 5.067572593688965
val_r2: 0.5758540630340576
test_loss: 34.96807384490967
test_mse: 40.644161224365234
test_mae: 3.922261953353882
test_rmse: 6.375277519226074
test_r2: 0.6171506643295288
min_lr: 0.002
max_lr: 0.1
total_time: 32.62648916244507
average_epoch_time: 0.32626077651977536
