train_loss: 1.148807406425476
train_mse: 1.148807406425476
train_mae: 0.7652233839035034
train_rmse: 1.071824312210083
train_r2: 0.0954182967543602
val_loss: 1.1806727647781372
val_mse: 1.1806727647781372
val_mae: 0.7782731056213379
val_rmse: 1.08658766746521
val_r2: 0.10207736492156982
test_loss: 1.1298730373382568
test_mse: 1.1298730373382568
test_mae: 0.7560595273971558
test_rmse: 1.0629549026489258
test_r2: 0.11646962910890579
