train_loss: 36.18754526285025
train_mse: 37.06985855102539
train_mae: 4.088803768157959
train_rmse: 6.088501930236816
train_r2: 0.5593967437744141
val_loss: 29.165644645690918
val_mse: 31.797061920166016
val_mae: 3.915609359741211
val_rmse: 5.638888359069824
val_r2: 0.4748270511627197
test_loss: 47.64092826843262
test_mse: 51.368953704833984
test_mae: 4.709607124328613
test_rmse: 7.1672139167785645
test_r2: 0.5161280632019043
min_lr: 0.005
max_lr: 0.2
total_time: 10.19490098953247
average_epoch_time: 0.1019454526901245
