train_loss: 15.606982414539043
train_mse: 14.721708297729492
train_mae: 2.566080331802368
train_rmse: 3.836887836456299
train_r2: 0.8250213861465454
val_loss: 15.849353313446045
val_mse: 16.685625076293945
val_mae: 3.0676729679107666
val_rmse: 4.084804058074951
val_r2: 0.7244135737419128
test_loss: 21.826202869415283
test_mse: 24.274778366088867
test_mae: 3.227109670639038
test_rmse: 4.926944255828857
test_r2: 0.7713427543640137
min_lr: 0.003
max_lr: 0.2
total_time: 11.06319808959961
average_epoch_time: 0.11062802314758301
