train_loss: 8.67714340870197
train_mse: 8.767470359802246
train_mae: 1.9831746816635132
train_rmse: 2.960991382598877
train_r2: 0.8957920074462891
val_loss: 18.504476070404053
val_mse: 20.158910751342773
val_mae: 3.3719234466552734
val_rmse: 4.489867687225342
val_r2: 0.667047381401062
test_loss: 18.585061073303223
test_mse: 20.098283767700195
test_mae: 3.437436580657959
test_rmse: 4.4831109046936035
test_r2: 0.8106833696365356
min_lr: 0.0001
max_lr: 0.002
total_time: 4.2045629024505615
average_epoch_time: 0.04204332590103149
