train_loss: 0.5197072245090114
train_accuracy: 0.7518996960486323
train_precision: 0.7580335072782203
train_recall: 0.7191245440333507
train_f1: 0.7380665864420377
val_loss: 0.5325671655516471
val_accuracy: 0.7487335359675785
val_precision: 0.7477064220183486
val_recall: 0.7025862068965517
val_f1: 0.7244444444444444
test_loss: 0.548783165793265
test_accuracy: 0.7277327935222672
test_precision: 0.6806167400881057
test_recall: 0.7136258660508084
test_f1: 0.6967305524239008
min_lr: 1e-07
max_lr: 0.0002
total_time: 118.21870493888855
average_epoch_time: 1.1821827459335328
