train_loss: 0.5251804660206382
train_accuracy: 0.7415146909827761
train_precision: 0.7299718454056822
train_recall: 0.7430953621677957
train_f1: 0.7364751452550032
val_loss: 0.5334192110646155
val_accuracy: 0.7537993920972644
val_precision: 0.7366167023554604
val_recall: 0.7413793103448276
val_f1: 0.7389903329752954
test_loss: 0.5588792764371441
test_accuracy: 0.7186234817813765
test_precision: 0.6659528907922913
test_recall: 0.7182448036951501
test_f1: 0.6911111111111111
min_lr: 1e-07
max_lr: 0.0002
total_time: 98.61031699180603
average_epoch_time: 0.9860992383956909
