train_loss: 0.4478579978182756
train_accuracy: 0.7917667613015942
train_precision: 0.8008599230595157
train_recall: 0.7750766535260623
train_f1: 0.7877573734001113
val_loss: 0.4871136388844914
val_accuracy: 0.7554585152838428
val_precision: 0.7648114901256733
val_recall: 0.7408695652173913
val_f1: 0.7526501766784452
test_loss: 0.4691724305351575
test_accuracy: 0.7834061135371179
test_precision: 0.7943760984182777
test_recall: 0.7753001715265866
test_f1: 0.7847222222222222
min_lr: 5e-05
max_lr: 0.0007
total_time: 311.34354281425476
average_epoch_time: 3.113430156707764
