train_loss: 5.237075328826904
train_mse: 5.281710624694824
train_mae: 1.5739262104034424
train_rmse: 2.2981972694396973
train_r2: 0.9372228980064392
val_loss: 12.587684631347656
val_mse: 13.183456420898438
val_mae: 2.618311882019043
val_rmse: 3.6309030055999756
val_r2: 0.7822567820549011
test_loss: 12.511799335479736
test_mse: 13.993524551391602
test_mae: 2.62569522857666
test_rmse: 3.7407920360565186
test_r2: 0.868187427520752
min_lr: 5e-05
max_lr: 0.015
total_time: 18.025293111801147
average_epoch_time: 0.18025070905685425
