train_loss: 0.5235901235080347
train_accuracy: 0.7581349639659314
train_precision: 0.8005625159805676
train_recall: 0.6857205431449847
train_f1: 0.7387047304470921
val_loss: 0.5240380821956528
val_accuracy: 0.7563318777292577
val_precision: 0.8032786885245902
val_recall: 0.6817391304347826
val_f1: 0.7375352775164628
test_loss: 0.5058971039123006
test_accuracy: 0.77117903930131
test_precision: 0.8116504854368932
test_recall: 0.7169811320754716
test_f1: 0.761384335154827
min_lr: 1e-07
max_lr: 5e-05
total_time: 93.86982941627502
average_epoch_time: 0.9386946344375611
