train_loss: 0.2789704501628876
train_mse: 0.2789704501628876
train_mae: 0.3617073595523834
train_rmse: 0.5281765460968018
train_r2: 0.7761451005935669
val_loss: 0.29183992743492126
val_mse: 0.29183992743492126
val_mae: 0.3686601519584656
val_rmse: 0.5402221083641052
val_r2: 0.757725179195404
test_loss: 0.2746301293373108
test_mse: 0.2746301293373108
test_mae: 0.36497870087623596
test_rmse: 0.5240516662597656
test_r2: 0.7918822169303894
