train_loss: 0.48050083551141953
train_accuracy: 0.7757152216641188
train_precision: 0.7979127134724858
train_recall: 0.7367498904949628
train_f1: 0.766112502846732
val_loss: 0.49763865272204083
val_accuracy: 0.7589519650655022
val_precision: 0.7815442561205274
val_recall: 0.7217391304347827
val_f1: 0.7504520795660037
test_loss: 0.4803788661956787
test_accuracy: 0.7729257641921398
test_precision: 0.8030018761726079
test_recall: 0.7341337907375644
test_f1: 0.7670250896057348
min_lr: 0.002
max_lr: 0.03
total_time: 63.90589261054993
average_epoch_time: 0.6390545129776001
