train_loss: 0.49096017992870317
train_accuracy: 0.7732037562786634
train_precision: 0.8129243148101584
train_recall: 0.708059570740254
train_f1: 0.7568769753014164
val_loss: 0.5062213995390468
val_accuracy: 0.7650655021834061
val_precision: 0.806
val_recall: 0.7008695652173913
val_f1: 0.7497674418604652
test_loss: 0.49061166163947845
test_accuracy: 0.7703056768558952
test_precision: 0.810077519379845
test_recall: 0.7169811320754716
test_f1: 0.7606915377616015
min_lr: 5e-06
max_lr: 0.002
total_time: 92.00364875793457
average_epoch_time: 0.9200340676307678
