train_loss: 277117.321020136
train_mse: 277277.28125
train_mae: 388.4361267089844
train_rmse: 526.5712280273438
train_r2: 0.6186154099619322
val_loss: 279526.50999365485
val_mse: 279537.25
val_mae: 389.9311828613281
val_rmse: 528.7128295898438
val_r2: 0.6161172434488296
test_loss: 273102.0052347716
test_mse: 273124.5
test_mae: 386.53179931640625
test_rmse: 522.6131591796875
test_r2: 0.6247888567602025
min_lr: 0.0003
max_lr: 0.015
total_time: 1245.123524427414
average_epoch_time: 12.451219782829284
