train_loss: 1.4211872953634996
train_mse: 1.419562578201294
train_mae: 0.9253742694854736
train_rmse: 1.1914539337158203
train_r2: 0.9831274151802063
val_loss: 10.008538246154785
val_mse: 10.455628395080566
val_mae: 2.3386590480804443
val_rmse: 3.2335164546966553
val_r2: 0.8273106813430786
test_loss: 13.027885913848877
test_mse: 13.601950645446777
test_mae: 2.470484495162964
test_rmse: 3.688082218170166
test_r2: 0.8718758821487427
min_lr: 2e-05
max_lr: 0.005
total_time: 5.803029537200928
average_epoch_time: 0.05802755832672119
