train_loss: 0.4754852329691251
train_accuracy: 0.7844507534396157
train_precision: 0.8192118226600985
train_recall: 0.7284275076653526
train_f1: 0.7711569673081381
val_loss: 0.5055438213878207
val_accuracy: 0.7554585152838428
val_precision: 0.7920792079207921
val_recall: 0.6956521739130435
val_f1: 0.7407407407407407
test_loss: 0.4869069556395213
test_accuracy: 0.7807860262008733
test_precision: 0.8192307692307692
test_recall: 0.7307032590051458
test_f1: 0.772438803263826
min_lr: 8e-05
max_lr: 0.008
total_time: 105.85090255737305
average_epoch_time: 1.058503839969635
