train_loss: 0.22102066336429393
train_accuracy: 0.9009786815659766
train_precision: 0.9009037709222734
train_recall: 0.9009786815659766
train_f1: 0.900556039269448
val_loss: 0.28129250470893497
val_accuracy: 0.8814650350252147
val_precision: 0.8811567715210863
val_recall: 0.8814650350252147
val_f1: 0.880853596516389
test_loss: 0.277759893940934
test_accuracy: 0.8816736084816358
test_precision: 0.8816504956766139
test_recall: 0.8816736084816358
test_f1: 0.8811097880335923
min_lr: 5e-06
max_lr: 0.002
total_time: 3752.0195875167847
average_epoch_time: 37.520184321403505
