train_loss: 3.7786325307992787
train_mse: 3.801713466644287
train_mae: 1.5279881954193115
train_rmse: 1.949798345565796
train_r2: 0.9548137784004211
val_loss: 10.53118896484375
val_mse: 10.614794731140137
val_mae: 2.369441270828247
val_rmse: 3.25803542137146
val_r2: 0.82468181848526
test_loss: 8.530528545379639
test_mse: 9.499104499816895
test_mae: 2.0275559425354004
test_rmse: 3.082061767578125
test_r2: 0.9105228185653687
min_lr: 0.005
max_lr: 0.008
total_time: 19.278172492980957
average_epoch_time: 0.19277786254882812
