train_loss: 0.5455147533522926
train_accuracy: 0.7332826747720365
train_precision: 0.729343220338983
train_recall: 0.7175612298071913
train_f1: 0.723404255319149
val_loss: 0.5561773661644228
val_accuracy: 0.7163120567375887
val_precision: 0.7062780269058296
val_recall: 0.6788793103448276
val_f1: 0.6923076923076923
test_loss: 0.5761008964430901
test_accuracy: 0.7125506072874493
test_precision: 0.6666666666666666
test_recall: 0.6882217090069284
test_f1: 0.6772727272727272
min_lr: 1e-05
max_lr: 0.002
total_time: 78.47607135772705
average_epoch_time: 0.7847578930854797
