train_loss: 0.4754511635336611
train_accuracy: 0.7816117056125792
train_precision: 0.8060591603053435
train_recall: 0.7400350416119141
train_f1: 0.7716373601278831
val_loss: 0.4990531901518504
val_accuracy: 0.7641921397379913
val_precision: 0.7893738140417458
val_recall: 0.7234782608695652
val_f1: 0.7549909255898367
test_loss: 0.48312422964308
test_accuracy: 0.7650655021834061
test_precision: 0.7962264150943397
test_recall: 0.7238421955403087
test_f1: 0.7583108715184186
min_lr: 0.0002
max_lr: 0.01
total_time: 69.05283832550049
average_epoch_time: 0.6905235195159912
