train_loss: 20.244476318359375
train_mse: 20.244476318359375
train_mae: 2.436959981918335
train_rmse: 4.499386310577393
train_r2: 0.7622814774513245
val_loss: 16.947248458862305
val_mse: 16.947248458862305
val_mae: 2.597829580307007
val_rmse: 4.116703510284424
val_r2: 0.7176046967506409
test_loss: 36.2187385559082
test_mse: 36.2187385559082
test_mae: 3.887795925140381
test_rmse: 6.018200397491455
test_r2: 0.6709406971931458
