train_loss: 0.4995713823763751
train_accuracy: 0.7697095435684648
train_precision: 0.8145966709346991
train_recall: 0.696671046868156
train_f1: 0.7510329358989493
val_loss: 0.5142243943280644
val_accuracy: 0.7502183406113537
val_precision: 0.7991718426501035
val_recall: 0.671304347826087
val_f1: 0.729678638941399
test_loss: 0.48755161795351243
test_accuracy: 0.7703056768558952
test_precision: 0.8162055335968379
test_recall: 0.7084048027444254
test_f1: 0.7584940312213039
min_lr: 1e-07
max_lr: 0.0002
total_time: 99.80048823356628
average_epoch_time: 0.9979979157447815
