train_loss: 66594.96267219969
train_mse: 66634.1796875
train_mae: 201.5623321533203
train_rmse: 258.135986328125
train_r2: 0.9083471731034447
val_loss: 66942.56307503172
val_mse: 66936.75
val_mae: 201.56436157226562
val_rmse: 258.72137451171875
val_r2: 0.9080771411902663
test_loss: 66787.63209866751
test_mse: 66798.390625
test_mae: 200.9146728515625
test_rmse: 258.453857421875
test_r2: 0.9082341580573391
min_lr: 0.001
max_lr: 0.015
total_time: 3814.128787279129
average_epoch_time: 38.14126930713653
