train_loss: 0.5244890497281001
train_accuracy: 0.7424012158054711
train_precision: 0.7511135857461024
train_recall: 0.7029702970297029
train_f1: 0.7262449528936743
val_loss: 0.5406435045503801
val_accuracy: 0.7315096251266464
val_precision: 0.7420924574209246
val_recall: 0.6573275862068966
val_f1: 0.6971428571428572
test_loss: 0.5581892450009623
test_accuracy: 0.728744939271255
test_precision: 0.6950354609929078
test_recall: 0.6789838337182448
test_f1: 0.6869158878504673
min_lr: 0.0001
max_lr: 0.003
total_time: 89.06013059616089
average_epoch_time: 0.8905975818634033
