train_loss: 0.5519703959961801
train_accuracy: 0.7473247433937541
train_precision: 0.7817817817817818
train_recall: 0.6841874726237407
train_f1: 0.729736042980612
val_loss: 0.5702690896060731
val_accuracy: 0.731004366812227
val_precision: 0.7654075546719682
val_recall: 0.6695652173913044
val_f1: 0.7142857142857143
test_loss: 0.5456424984667037
test_accuracy: 0.7441048034934498
test_precision: 0.7777777777777778
test_recall: 0.6963979416809606
test_f1: 0.7348416289592761
min_lr: 0.0002
max_lr: 0.0015
total_time: 593.9597551822662
average_epoch_time: 5.939593286514282
