train_loss: 0.5434612476150034
train_accuracy: 0.7341691995947315
train_precision: 0.7309428950863214
train_recall: 0.7170401250651381
train_f1: 0.7239247665395239
val_loss: 0.5354253159415338
val_accuracy: 0.7396149949341438
val_precision: 0.7336343115124153
val_recall: 0.7004310344827587
val_f1: 0.7166482910694597
test_loss: 0.5565207466002433
test_accuracy: 0.7074898785425101
test_precision: 0.6621621621621622
test_recall: 0.6789838337182448
test_f1: 0.6704675028506272
min_lr: 1e-06
max_lr: 0.002
total_time: 86.31779909133911
average_epoch_time: 0.8631743907928466
