train_loss: 0.5314387443818545
train_accuracy: 0.7440476190476191
train_precision: 0.7381389252948886
train_recall: 0.7337154768108389
train_f1: 0.7359205540310989
val_loss: 0.5352004218486047
val_accuracy: 0.745694022289767
val_precision: 0.7393258426966293
val_recall: 0.709051724137931
val_f1: 0.7238723872387238
test_loss: 0.554321292907961
test_accuracy: 0.7165991902834008
test_precision: 0.6696230598669624
test_recall: 0.6974595842956121
test_f1: 0.6832579185520362
min_lr: 1e-07
max_lr: 0.0003
total_time: 108.3351674079895
average_epoch_time: 1.0833477425575255
