train_loss: 0.4020368293961633
train_accuracy: 0.837066407922394
train_precision: 0.8282231253378822
train_recall: 0.837066407922394
train_f1: 0.8283631640034979
val_loss: 0.41210290395740895
val_accuracy: 0.8312593587029483
val_precision: 0.8221624573260243
val_recall: 0.8312593587029483
val_f1: 0.8223389895597881
test_loss: 0.40875622590732996
test_accuracy: 0.8318818629307081
test_precision: 0.823283398743328
test_recall: 0.8318818629307081
test_f1: 0.8228961382327646
min_lr: 2e-05
max_lr: 0.02
total_time: 6241.870731115341
average_epoch_time: 62.41869590520859
