train_loss: 0.5373095454957321
train_accuracy: 0.7331560283687943
train_precision: 0.744009021708486
train_recall: 0.6875977071391349
train_f1: 0.7146919431279621
val_loss: 0.5381980692186663
val_accuracy: 0.7375886524822695
val_precision: 0.7423167848699763
val_recall: 0.6767241379310345
val_f1: 0.7080045095828635
test_loss: 0.5564533779698033
test_accuracy: 0.7226720647773279
test_precision: 0.691566265060241
test_recall: 0.6628175519630485
test_f1: 0.6768867924528302
min_lr: 1e-07
max_lr: 0.001
total_time: 80.57825255393982
average_epoch_time: 0.8057781219482422
