train_loss: 14.168504641606258
train_mse: 13.920315742492676
train_mae: 2.5118014812469482
train_rmse: 3.7309939861297607
train_r2: 0.8345465064048767
val_loss: 15.728410243988037
val_mse: 16.56220054626465
val_mae: 3.159780740737915
val_rmse: 4.069668292999268
val_r2: 0.726452112197876
test_loss: 18.89480972290039
test_mse: 21.318525314331055
test_mae: 2.9392619132995605
test_rmse: 4.617198944091797
test_r2: 0.7991893291473389
min_lr: 0.01
max_lr: 0.06
total_time: 36.73877573013306
average_epoch_time: 0.36738460302352904
