train_loss: 226340.25707388166
train_mse: 226345.65625
train_mae: 347.9028015136719
train_rmse: 475.75799560546875
train_r2: 0.6886700244880857
val_loss: 226130.6082645939
val_mse: 226178.421875
val_mae: 348.181640625
val_rmse: 475.5821838378906
val_r2: 0.6893938211238302
test_loss: 224085.71240482235
test_mse: 224097.609375
test_mae: 346.6542663574219
test_rmse: 473.3894958496094
test_r2: 0.6921407010546062
min_lr: 0.0002
max_lr: 0.003
total_time: 621.652419090271
average_epoch_time: 6.216513559818268
