train_loss: 0.44718526634905076
train_accuracy: 0.7950425857174055
train_precision: 0.8368829867201203
train_recall: 0.7314936487078406
train_f1: 0.7806474231623233
val_loss: 0.4910057518217299
val_accuracy: 0.7624454148471616
val_precision: 0.8085539714867617
val_recall: 0.6904347826086956
val_f1: 0.7448405253283301
test_loss: 0.48145915071169537
test_accuracy: 0.7755458515283843
test_precision: 0.8098859315589354
test_recall: 0.7307032590051458
test_f1: 0.7682596934174932
min_lr: 0.0003
max_lr: 0.005
total_time: 104.63059091567993
average_epoch_time: 1.0463017106056214
