train_loss: 0.5236840945097708
train_accuracy: 0.7459473150962512
train_precision: 0.7706855791962175
train_recall: 0.679520583637311
train_f1: 0.7222376073109942
val_loss: 0.5369780175387859
val_accuracy: 0.7477203647416414
val_precision: 0.7641277641277642
val_recall: 0.6702586206896551
val_f1: 0.7141216991963261
test_loss: 0.5451209843158722
test_accuracy: 0.7338056680161943
test_precision: 0.7043269230769231
test_recall: 0.6766743648960739
test_f1: 0.690223792697291
min_lr: 7e-05
max_lr: 0.01
total_time: 104.88031244277954
average_epoch_time: 1.0487994313240052
