train_loss: 63274.693796845255
train_mse: 63308.55859375
train_mae: 194.38412475585938
train_rmse: 251.61192321777344
train_r2: 0.9129214287322035
val_loss: 76122.05831614848
val_mse: 76109.078125
val_mae: 207.7202911376953
val_rmse: 275.87872314453125
val_r2: 0.8954809632006685
test_loss: 76840.05956535533
test_mse: 76846.2890625
test_mae: 208.3681182861328
test_rmse: 277.2116394042969
test_r2: 0.8944306218174967
min_lr: 0.0003
max_lr: 0.01
total_time: 1254.5756826400757
average_epoch_time: 12.54573646068573
