train_loss: 30.042116858632433
train_mse: 30.047266006469727
train_mae: 4.221041679382324
train_rmse: 5.481538772583008
train_r2: 0.9999586711114858
val_loss: 598.7070718368298
val_mse: 598.7376098632812
val_mae: 16.62685203552246
val_rmse: 24.4691162109375
val_r2: 0.9991777659050617
test_loss: 624.3173676311667
test_mse: 624.4019775390625
test_mae: 16.91706085205078
test_rmse: 24.988037109375
test_r2: 0.9991422132347408
min_lr: 1e-05
max_lr: 0.004
total_time: 848.1790087223053
average_epoch_time: 8.481771848201753
