train_loss: 0.5063385357009409
train_accuracy: 0.7655601659751037
train_precision: 0.7818690281985551
train_recall: 0.734778799824792
train_f1: 0.7575928644010387
val_loss: 0.5175120640132163
val_accuracy: 0.7563318777292577
val_precision: 0.775092936802974
val_recall: 0.7252173913043478
val_f1: 0.7493261455525606
test_loss: 0.49513956159353256
test_accuracy: 0.7685589519650655
test_precision: 0.7859712230215827
test_recall: 0.7495711835334476
test_f1: 0.7673397717295873
min_lr: 5e-05
max_lr: 0.002
total_time: 478.9019479751587
average_epoch_time: 4.789014763832093
