train_loss: 0.4644366970492734
train_accuracy: 0.7865254422362962
train_precision: 0.8202109394162375
train_recall: 0.7323696890056942
train_f1: 0.773805391646419
val_loss: 0.5001356270578172
val_accuracy: 0.7650655021834061
val_precision: 0.8011811023622047
val_recall: 0.7078260869565217
val_f1: 0.7516158818097877
test_loss: 0.49094734920395744
test_accuracy: 0.7781659388646288
test_precision: 0.8121442125237192
test_recall: 0.7341337907375644
test_f1: 0.7711711711711712
min_lr: 0.0004
max_lr: 0.005
total_time: 111.37526965141296
average_epoch_time: 1.1137487292289734
