train_loss: 0.5538876986937967
train_accuracy: 0.7197315096251267
train_precision: 0.7342173537042376
train_recall: 0.6636268890046899
train_f1: 0.6971397290269604
val_loss: 0.5516685093602827
val_accuracy: 0.723404255319149
val_precision: 0.732360097323601
val_recall: 0.6487068965517241
val_f1: 0.688
test_loss: 0.5605060708138251
test_accuracy: 0.7155870445344129
test_precision: 0.6919191919191919
test_recall: 0.6327944572748267
test_f1: 0.661037394451146
min_lr: 1e-07
max_lr: 0.0015
total_time: 91.6823480129242
average_epoch_time: 0.9168189978599548
