train_loss: 0.04458190559084929
train_accuracy: 0.9826251212863778
train_precision: 0.9826766876366574
train_recall: 0.9826251212863778
train_f1: 0.9826372730049191
val_loss: 0.11638652715249405
val_accuracy: 0.9592778093320252
val_precision: 0.9593321142944528
val_recall: 0.9592778093320252
val_f1: 0.9592821818207394
test_loss: 0.11759867427649083
test_accuracy: 0.9589859213107983
test_precision: 0.9590457104053095
test_recall: 0.9589859213107983
test_f1: 0.9589800635194259
min_lr: 5e-06
max_lr: 0.002
total_time: 8079.144723176956
average_epoch_time: 80.79144006967545
