train_loss: 0.04788696018482522
train_accuracy: 0.980690993504859
train_precision: 0.9807034375221734
train_recall: 0.980690993504859
train_f1: 0.9806955557261934
val_loss: 0.11572515180063668
val_accuracy: 0.9610161615118501
val_precision: 0.9610445430830221
val_recall: 0.9610161615118501
val_f1: 0.9610270144029286
test_loss: 0.11367083285906504
test_accuracy: 0.9621183436026298
test_precision: 0.9620843244067285
test_recall: 0.9621183436026298
test_f1: 0.9620949044425059
min_lr: 1e-07
max_lr: 0.003
total_time: 1457.2895624637604
average_epoch_time: 14.572887814044952
