train_loss: 16847.438902259477
train_mse: 16843.13671875
train_mae: 107.72831726074219
train_rmse: 129.78111267089844
train_r2: 0.9768328948473088
val_loss: 17709.37009240165
val_mse: 17709.53125
val_mae: 110.06256103515625
val_rmse: 133.07716369628906
val_r2: 0.9756798631650426
test_loss: 17542.782707407994
test_mse: 17545.38671875
test_mae: 109.75700378417969
test_rmse: 132.45899963378906
test_r2: 0.9758966185282815
min_lr: 7e-05
max_lr: 0.001
total_time: 3139.3646290302277
average_epoch_time: 31.393625335693358
