train_loss: 0.5208893278349749
train_accuracy: 0.7479736575481256
train_precision: 0.7607223476297968
train_recall: 0.7024491922876498
train_f1: 0.7304253589813059
val_loss: 0.5345713899981591
val_accuracy: 0.7467071935157041
val_precision: 0.7572115384615384
val_recall: 0.6788793103448276
val_f1: 0.7159090909090909
test_loss: 0.5578511876444663
test_accuracy: 0.7257085020242915
test_precision: 0.6901408450704225
test_recall: 0.6789838337182448
test_f1: 0.6845168800931315
min_lr: 1e-07
max_lr: 0.01
total_time: 115.06025767326355
average_epoch_time: 1.1505976629257202
