train_loss: 0.47577061959438854
train_accuracy: 0.7819392880541602
train_precision: 0.8239596469104666
train_recall: 0.7155059132720105
train_f1: 0.7659125542140429
val_loss: 0.49851294689708286
val_accuracy: 0.7633187772925765
val_precision: 0.8089430894308943
val_recall: 0.6921739130434783
val_f1: 0.74601686972821
test_loss: 0.4800316095352173
test_accuracy: 0.7816593886462883
test_precision: 0.8271119842829077
test_recall: 0.7221269296740995
test_f1: 0.7710622710622711
min_lr: 8e-05
max_lr: 0.003
total_time: 88.86754107475281
average_epoch_time: 0.8886712837219238
