train_loss: 3.212728867164025
train_mse: 3.244579315185547
train_mae: 1.3356270790100098
train_rmse: 1.8012715578079224
train_r2: 0.9614357352256775
val_loss: 11.168544292449951
val_mse: 11.67311954498291
val_mae: 2.346858501434326
val_rmse: 3.4165947437286377
val_r2: 0.8072021007537842
test_loss: 10.498215436935425
test_mse: 11.37844467163086
test_mae: 2.285947799682617
test_rmse: 3.373194932937622
test_r2: 0.8928202986717224
min_lr: 0.003
max_lr: 0.008
total_time: 37.20694065093994
average_epoch_time: 0.37206622838974
