train_loss: 0.068262841095553
train_accuracy: 0.972029371204086
train_precision: 0.9720593577803488
train_recall: 0.972029371204086
train_f1: 0.9720216943122941
val_loss: 0.15150238531703203
val_accuracy: 0.944493210099654
val_precision: 0.9445200575095091
val_recall: 0.944493210099654
val_f1: 0.9444665531190609
test_loss: 0.152783128584731
test_accuracy: 0.944356476541255
test_precision: 0.9444104525849487
test_recall: 0.944356476541255
test_f1: 0.9443184410176868
min_lr: 3e-06
max_lr: 0.002
total_time: 3393.6151325702667
average_epoch_time: 33.936145012378695
