train_loss: 514.8712198092853
train_mse: 515.047607421875
train_mae: 17.665815353393555
train_rmse: 22.694660186767578
train_r2: 0.9992915711781257
val_loss: 6000.26006181591
val_mse: 6001.04833984375
val_mae: 42.33671951293945
val_rmse: 77.4664306640625
val_r2: 0.991758882812706
test_loss: 6206.294115095574
test_mse: 6207.974609375
test_mae: 42.958526611328125
test_rmse: 78.79070281982422
test_r2: 0.9914716508500465
min_lr: 5e-05
max_lr: 0.0015
total_time: 1726.4002692699432
average_epoch_time: 17.263981986045838
