train_loss: 3005.0432100247613
train_mse: 3004.9599609375
train_mae: 42.52374267578125
train_rmse: 54.8175163269043
train_r2: 0.9958667898709122
val_loss: 8781.055530218908
val_mse: 8781.7490234375
val_mae: 67.6079330444336
val_rmse: 93.71098327636719
val_r2: 0.9879402036339678
test_loss: 9099.042217738737
test_mse: 9100.6796875
test_mae: 68.37545776367188
test_rmse: 95.3974838256836
test_r2: 0.9874977294502378
min_lr: 3e-06
max_lr: 0.006
total_time: 737.1644995212555
average_epoch_time: 7.37163387298584
