train_loss: 5317.964107455336
train_mse: 5318.59521484375
train_mae: 56.63712692260742
train_rmse: 72.92870330810547
train_r2: 0.9926844696229211
val_loss: 8383.76803666323
val_mse: 8383.240234375
val_mae: 67.23400115966797
val_rmse: 91.5600357055664
val_r2: 0.9884874680016661
test_loss: 8850.026463852317
test_mse: 8850.7587890625
test_mae: 67.62985229492188
test_rmse: 94.0784683227539
test_r2: 0.9878410645742661
min_lr: 0.0002
max_lr: 0.004
total_time: 1424.004867553711
average_epoch_time: 14.240030605792999
