train_loss: 0.45960929397921946
train_accuracy: 0.7896920725049137
train_precision: 0.8024747937671861
train_recall: 0.7669732807709154
train_f1: 0.7843225083986562
val_loss: 0.4870063223772579
val_accuracy: 0.7764192139737991
val_precision: 0.7884267631103075
val_recall: 0.7582608695652174
val_f1: 0.7730496453900709
test_loss: 0.48692423353592557
test_accuracy: 0.7799126637554585
test_precision: 0.7992766726943942
test_recall: 0.758147512864494
test_f1: 0.778169014084507
min_lr: 1e-06
max_lr: 0.001
total_time: 126.14339971542358
average_epoch_time: 1.2614295482635498
