train_loss: 0.49268106391678035
train_accuracy: 0.7961291627313585
train_precision: 0.7963519987876538
train_recall: 0.7961291627313585
train_f1: 0.789425363338179
val_loss: 0.501265859420079
val_accuracy: 0.7923960000688456
val_precision: 0.7928968777177516
val_recall: 0.7923960000688456
val_f1: 0.7851011102372766
test_loss: 0.5042664636468047
test_accuracy: 0.7910054731334549
test_precision: 0.7913160773249746
test_recall: 0.7910054731334549
test_f1: 0.7836060301526713
min_lr: 1e-07
max_lr: 0.01
total_time: 1285.8706679344177
average_epoch_time: 12.858699734210967
