train_loss: 0.48088813076416653
train_accuracy: 0.7770255514304433
train_precision: 0.7970809792843692
train_recall: 0.7415681121331581
train_f1: 0.7683231223054231
val_loss: 0.4943743646144867
val_accuracy: 0.7641921397379913
val_precision: 0.7839851024208566
val_recall: 0.7321739130434782
val_f1: 0.7571942446043166
test_loss: 0.4817199144098494
test_accuracy: 0.777292576419214
test_precision: 0.8025830258302583
test_recall: 0.7461406518010292
test_f1: 0.7733333333333333
min_lr: 2e-05
max_lr: 0.002
total_time: 96.04150199890137
average_epoch_time: 0.9604104900360108
