train_loss: 0.5038449604336809
train_accuracy: 0.7623935357064862
train_precision: 0.783713200379867
train_recall: 0.722952255803767
train_f1: 0.7521075415812258
val_loss: 0.5487639125850465
val_accuracy: 0.7379912663755459
val_precision: 0.7579737335834896
val_recall: 0.7026086956521739
val_f1: 0.7292418772563177
test_loss: 0.5240640251172913
test_accuracy: 0.7502183406113537
test_precision: 0.7685352622061483
test_recall: 0.7289879931389366
test_f1: 0.7482394366197184
min_lr: 1e-07
max_lr: 7e-06
total_time: 299.6727657318115
average_epoch_time: 2.9967200326919556
