train_loss: 0.47936368673936
train_accuracy: 0.7815025114653854
train_precision: 0.8098574534911814
train_recall: 0.7341217696014016
train_f1: 0.7701321079839172
val_loss: 0.493896274930901
val_accuracy: 0.7668122270742358
val_precision: 0.7938931297709924
val_recall: 0.7234782608695652
val_f1: 0.7570518653321202
test_loss: 0.4721346025665601
test_accuracy: 0.7816593886462883
test_precision: 0.8195777351247601
test_recall: 0.7324185248713551
test_f1: 0.773550724637681
min_lr: 1e-07
max_lr: 7e-06
total_time: 282.9326140880585
average_epoch_time: 2.829320440292358
