train_loss: 0.5207382180964906
train_accuracy: 0.7555143044332824
train_precision: 0.8126847621607095
train_recall: 0.6622864651773982
train_f1: 0.729817786895137
val_loss: 0.5331915674938096
val_accuracy: 0.7475982532751092
val_precision: 0.8042553191489362
val_recall: 0.6573913043478261
val_f1: 0.723444976076555
test_loss: 0.5120104278127352
test_accuracy: 0.7563318777292577
test_precision: 0.8089430894308943
test_recall: 0.6826758147512865
test_f1: 0.7404651162790697
min_lr: 0.0003
max_lr: 0.006
total_time: 209.8955397605896
average_epoch_time: 2.098952078819275
