train_loss: 0.48722431250565557
train_accuracy: 0.7757152216641188
train_precision: 0.8073910915320607
train_recall: 0.7225142356548401
train_f1: 0.7625982431807674
val_loss: 0.4952639432417022
val_accuracy: 0.7650655021834061
val_precision: 0.7953667953667953
val_recall: 0.7165217391304348
val_f1: 0.7538883806038426
test_loss: 0.4873701971438196
test_accuracy: 0.7729257641921398
test_precision: 0.8041431261770244
test_recall: 0.7324185248713551
test_f1: 0.7666068222621185
min_lr: 1e-07
max_lr: 2e-05
total_time: 176.37724375724792
average_epoch_time: 1.763765935897827
