train_loss: 30397.306745964863
train_mse: 30370.005859375
train_mae: 134.6077423095703
train_rmse: 174.26992797851562
train_r2: 0.9582271881642372
val_loss: 32917.654881821065
val_mse: 32913.13671875
val_mae: 138.7174072265625
val_rmse: 181.41978454589844
val_r2: 0.9548010600694432
test_loss: 34227.023982788705
test_mse: 34231.55078125
test_mae: 139.58079528808594
test_rmse: 185.0177001953125
test_r2: 0.9529736103420365
min_lr: 4e-05
max_lr: 0.005
total_time: 1466.2892594337463
average_epoch_time: 14.662866802215577
