train_loss: 76602.34595656031
train_mse: 76644.953125
train_mae: 209.04135131835938
train_rmse: 276.8482360839844
train_r2: 0.8945777242765379
val_loss: 78590.69005789974
val_mse: 78583.265625
val_mae: 209.61257934570312
val_rmse: 280.3270568847656
val_r2: 0.8920832155076793
test_loss: 80593.4590339467
test_mse: 80598.453125
test_mae: 211.46539306640625
test_rmse: 283.898681640625
test_r2: 0.8892760087440704
min_lr: 6e-05
max_lr: 0.005
total_time: 583.9043412208557
average_epoch_time: 5.839035451412201
