train_loss: 0.5114312222612049
train_accuracy: 0.7531661600810537
train_precision: 0.7520683213237257
train_recall: 0.7342365815528922
train_f1: 0.7430454845088992
val_loss: 0.527796434779321
val_accuracy: 0.7416413373860182
val_precision: 0.7317073170731707
val_recall: 0.7112068965517241
val_f1: 0.7213114754098361
test_loss: 0.5528084337711334
test_accuracy: 0.7236842105263158
test_precision: 0.6739130434782609
test_recall: 0.7159353348729792
test_f1: 0.6942889137737962
min_lr: 1e-07
max_lr: 7e-05
total_time: 120.16851902008057
average_epoch_time: 1.2016813802719115
