train_loss: 0.4637096751650036
train_accuracy: 0.7856518890587465
train_precision: 0.8190733022799705
train_recall: 0.731712658782304
train_f1: 0.7729323308270676
val_loss: 0.48299090895387864
val_accuracy: 0.765938864628821
val_precision: 0.7992202729044834
val_recall: 0.7130434782608696
val_f1: 0.7536764705882353
test_loss: 0.4728475511074066
test_accuracy: 0.7781659388646288
test_precision: 0.8157389635316699
test_recall: 0.7289879931389366
test_f1: 0.7699275362318839
min_lr: 1e-07
max_lr: 4e-06
total_time: 171.5797746181488
average_epoch_time: 1.7157937574386597
