train_loss: 13.380699817950909
train_mse: 13.60764217376709
train_mae: 2.3297929763793945
train_rmse: 3.6888537406921387
train_r2: 0.8382629156112671
val_loss: 13.153666973114014
val_mse: 13.301226615905762
val_mae: 2.6375951766967773
val_rmse: 3.6470847129821777
val_r2: 0.780311644077301
test_loss: 26.429032802581787
test_mse: 30.59428596496582
test_mae: 3.1453912258148193
test_rmse: 5.531209945678711
test_r2: 0.7118158936500549
min_lr: 1e-06
max_lr: 0.04
total_time: 4.5900046825408936
average_epoch_time: 0.04589765071868897
