train_loss: 0.5402995846412738
train_accuracy: 0.7370604935575453
train_precision: 0.7974090407938258
train_recall: 0.6335961454226895
train_f1: 0.7061264339760801
val_loss: 0.5479782215423055
val_accuracy: 0.7213973799126637
val_precision: 0.7857142857142857
val_recall: 0.6121739130434782
val_f1: 0.6881720430107527
test_loss: 0.5210982287923495
test_accuracy: 0.7572052401746725
test_precision: 0.8118609406952966
test_recall: 0.6809605488850772
test_f1: 0.7406716417910447
min_lr: 0.0002
max_lr: 0.01
total_time: 207.49782729148865
average_epoch_time: 2.074974527359009
