train_loss: 44046.781059148954
train_mse: 44042.71875
train_mae: 160.66336059570312
train_rmse: 209.8635711669922
train_r2: 0.9394208827159395
val_loss: 50607.8335878014
val_mse: 50611.94140625
val_mae: 169.25619506835938
val_rmse: 224.97097778320312
val_r2: 0.9304956591257838
test_loss: 52115.31712999683
test_mse: 52118.2890625
test_mae: 170.3859100341797
test_rmse: 228.29429626464844
test_r2: 0.9284012921022567
min_lr: 5e-05
max_lr: 0.001
total_time: 1288.7606253623962
average_epoch_time: 12.887594413757324
