train_loss: 679.2577544275274
train_mse: 679.4970092773438
train_mae: 20.244909286499023
train_rmse: 26.067163467407227
train_r2: 0.9990653771482347
val_loss: 957.156868716787
val_mse: 957.3260498046875
val_mae: 23.15816307067871
val_rmse: 30.940685272216797
val_r2: 0.9986853237666513
test_loss: 928.7013199704553
test_mse: 928.8355712890625
test_mae: 22.859159469604492
test_rmse: 30.476804733276367
test_r2: 0.9987239904889745
min_lr: 2e-05
max_lr: 0.0006
total_time: 1554.8877878189087
average_epoch_time: 15.548855991363526
